
KODEX 200
069500
시장지수/코스피200
49,750
37,850
10,137,897
1.75
8.14
25.47
32.73
29.88
31.85
49.13
25.39
0.15
삼성자산운용

TIGER 200
102110
시장지수/코스피200
26,977
37,845
2,153,041
1.79
8.16
25.59
32.79
29.95
32.01
49.49
25.91
0.05
미래에셋자산운용

KODEX 200선물인버스2X
252670
파생상품/인버스
20,976
2,750
187,168,517
-3.68
-15.12
-37.99
-46.45
-55.03
-56.59
-66.91
-54.39
0.64
삼성자산운용

KODEX 단기채권
153130
채권/단기자금
19,260
102,620
24,802
0.01
0.05
0.13
0.23
0.97
0.99
2.61
4.33
0.15
삼성자산운용

TIGER MSCI Korea TR
310970
시장지수/MSCI Korea Index
16,536
15,435
1,531,360
2.25
9.47
26.93
33.52
31.53
34.16
55.05

0.12
미래에셋자산운용

KODEX MSCI Korea TR
278540
시장지수/MSCI Korea Index
15,346
12,285
1,452,896
2.20
9.39
27.31
33.53
31.11
33.75
54.53
30.69
0.15
삼성자산운용

KODEX 레버리지
122630
파생상품/레버리지
14,800
21,545
59,280,089
3.04
15.77
54.83
70.59
49.36
54.67
89.66
26.85
0.64
삼성자산운용

KODEX 종합채권(AA-이상)액티브
273130
채권/회사채권
14,659
110,085
18,540
0.25
-0.30
-0.74
-0.44
1.87
1.78
5.71
10.60
0.07
삼성자산운용

KODEX 200TR
278530
시장지수/코스피200
14,392
12,160
948,866
1.76
8.23
25.55
32.82
29.50
31.74
49.57
25.55
0.05
삼성자산운용

KODEX 삼성그룹
102780
그룹주/삼성
13,829
9,380
427,540
2.18
5.63
28.05
27.97
35.62
39.09
56.67
46.72
0.25
삼성자산운용

KODEX 코스닥150 레버리지
233740
파생상품/레버리지
11,963
15,850
34,867,522
-1.61
25.30
38.49
47.17
78.69
100.63
33.59
-8.41
0.64
삼성자산운용

KBSTAR 200
148020
시장지수/코스피200
11,458
37,910
444,226
1.83
8.22
25.58
32.91
29.67
31.93
49.58
25.58
0.05
케이비자산운용

KODEX 인버스
114800
파생상품/인버스
10,015
4,450
37,366,643
-1.87
-7.77
-21.03
-26.26
-29.92
-31.11
-38.75
-26.87
0.64
삼성자산운용

TIGER 단기통안채
157450
채권/단기자금
9,775
100,795
9,735
0.00
0.04
0.12
0.23
0.77
0.80
2.34
3.92
0.09
미래에셋자산운용

KODEX 단기채권PLUS
214980
채권/단기자금
8,801
102,850
1,012,938
0.01
0.05
0.15
0.29
1.10
1.14
2.85
4.68
0.15
삼성자산운용

ARIRANG 200
152100
시장지수/코스피200
7,541
38,060
270,995
1.74
8.16
25.52
32.72
29.42
31.80
49.30
25.63
0.04
한화자산운용

KINDEX 200
105190
시장지수/코스피200
7,181
37,980
451,059
1.71
8.16
25.49
32.70
29.39
31.75
49.22
25.06
0.09
한국투자신탁운용

KOSEF 200
069660
시장지수/코스피200
6,058
37,840
103,245
1.62
8.05
25.38
32.53
29.23
31.52
49.18
25.07
0.13
키움투자자산운용

HANARO 200
293180
시장지수/코스피200
6,000
37,885
115,169
1.75
8.20
25.56
32.86
29.69
31.95
49.39

0.04
엔에이치아문디자산운용

TIGER 미국나스닥100
133690
해외지수/해외지수
5,820
62,690
141,250
0.65
5.11
10.75
13.67
37.39
37.96
104.10
99.79
0.07
미래에셋자산운용

KODEX 코스닥150선물인버스
251340
파생상품/인버스
5,321
4,545
65,020,603
0.44
-12.00
-18.55
-23.03
-40.28
-43.82
-37.65
-35.49
0.64
삼성자산운용

KODEX 코스피
226490
시장지수/코스피200
4,648
28,095
122,597
1.06
7.11
23.44
29.32
27.58
30.04
41.42
21.04
0.15
삼성자산운용

KODEX WTI원유선물(H)
261220
상품/원유
4,469
7,280
2,594,768
-0.61
9.64
18.37
13.57
-65.97
-65.36
-55.42
-63.65
0.35
삼성자산운용

KODEX 코스닥 150
229200
시장지수/코스닥
4,408
14,830
9,878,665
-0.74
12.26
18.45
24.57
44.10
53.14
30.18
14.73
0.25
삼성자산운용

TIGER TOP10
292150
테마/우량주
4,405
13,000
545,440
0.89
9.24
25.30
33.18
39.86
41.87
78.65

0.15
미래에셋자산운용

TIGER CD금리투자KIS(합성)
357870
채권/단기자금
4,394
50,165
5,473
0.01
0.06
0.15

0.32



0.15
미래에셋자산운용

TIGER 200 IT
139260
섹터/IT
4,258
33,255
381,483
2.81
11.71
30.23
37.55
43.82
47.22
83.21
48.30
0.40
미래에셋자산운용

KODEX 선진국MSCI World
251350
해외지수/해외지수
3,937
16,310
78,230
0.68
3.23
10.76
11.22
7.59
7.87
46.15
33.42
0.30
삼성자산운용

KOSEF 200TR
294400
시장지수/코스피200
3,873
44,145
10,207
1.75
8.16
25.55
32.81
29.55
31.87
49.64

0.01
키움투자자산운용

TIGER 2차전지테마
305540
테마/기타
3,515
14,050
1,104,466
-0.85
11.95
28.72
40.50
90.43
100.57
76.44

0.50
미래에셋자산운용

SMART 200TR
295040
시장지수/코스피200
3,481
12,625
139,554
1.61
8.04
25.19
32.62
29.35
31.85
49.32

0.05
신한비엔피파리바자산운용

HANARO MSCI Korea TR
332940
시장지수/MSCI Korea Index
3,426
15,430
7,044
2.15
9.39
27.05
33.30
31.43
33.82


0.12
엔에이치아문디자산운용

TIGER KRX BBIG K-뉴딜
364960
테마/기타
3,351
11,530
1,190,206
-1.24
5.97


11.24



0.40
미래에셋자산운용

TIGER 차이나CSI300
192090
해외지수/해외지수
3,319
11,285
570,122
0.13
0.27
6.92
22.13
26.37
28.97
75.29
30.16
0.63
미래에셋자산운용

KODEX 2차전지산업
305720
테마/기타
3,317
15,040
1,600,151
-0.27
11.78
33.57
49.95
92.67
101.77
78.20

0.45
삼성자산운용

TIGER 코스닥150
232080
시장지수/코스닥
3,186
14,915
870,308
-0.80
12.57
18.47
24.08
43.51
52.40
29.65
14.97
0.19
미래에셋자산운용

TIGER 단기채권액티브
272580
채권/단기자금
3,085
50,540
5,942
-0.01
0.02
0.16
0.32
1.06
1.08
2.73
4.54
0.07
미래에셋자산운용

KINDEX 200TR
332500
시장지수/코스피200
3,018
22,630
45,805
1.89
8.04
25.44
32.88
28.95
31.80


0.03
한국투자신탁운용

KODEX 미국FANG플러스(H)
314250
해외지수/해외지수
2,728
24,835
325,177
-0.24
11.22
21.59
45.15
90.23
92.00


0.45
삼성자산운용

KODEX Top5PlusTR
315930
스타일/스타일
2,513
16,965
34,787
1.50
9.03
24.24
34.11
18.31
19.60


0.15
삼성자산운용

TIGER KRX2차전지K-뉴딜
364980
테마/기타
2,488
13,100
783,383
-1.84
7.77


23.35



0.40
미래에셋자산운용

KODEX 골드선물(H)
132030
상품/금속
2,395
12,895
310,621
0.31
2.75
0.66
3.00
19.29
21.02
39.56
36.02
0.68
삼성자산운용

KINDEX 단기통안채
190620
채권/단기자금
2,392
100,940
1,394
0.00
0.04
0.13
0.24
0.83
0.85
2.46
4.10
0.07
한국투자신탁운용

KOSEF 국고채10년
148070
채권/국공채권
2,388
125,200
6,165
0.48
-0.48
-1.57
-1.68
1.76
1.49
5.95
13.01
0.15
키움투자자산운용

HANARO 단기통안채
306540
채권/단기자금
2,366
102,870
3
0.00
0.04
0.13
0.22
0.87
0.89
2.44

0.10
엔에이치아문디자산운용

KINDEX 베트남VN30(합성)
245710
해외지수/해외지수
2,222
14,405
86,742
2.34
7.66
14.37
18.03
9.17
10.13
14.46
4.84
0.70
한국투자신탁운용

KBSTAR 코스닥150선물레버리지
278240
파생상품/레버리지
2,183
15,865
114,448
-1.89
25.56
39.29
47.38
83.41
106.04
39.35
-5.26
0.60
케이비자산운용

KODEX 은행
091170
섹터/금융
2,145
6,215
588,235
-0.40
-0.80
24.18
19.98
-10.02
-9.16
-10.51
-23.02
0.45
삼성자산운용

KBSTAR 코스피
302450
시장지수/코스피200
2,071
28,055
47,919
1.10
6.94
23.95
29.61
27.39
29.79
41.88

0.14
케이비자산운용

TIGER 글로벌4차산업혁신기술(합성 H)
275980
해외지수/해외지수
2,066
16,880
115,636
0.96
7.17
20.49
26.49
29.70
30.95
73.93
56.22
0.40
미래에셋자산운용

KINDEX 중국본토CSI300
168580
해외지수/해외지수
1,905
29,420
8,741
0.41
0.27
6.21
21.34
24.53
27.36
72.75
28.70
0.70
한국투자신탁운용

ARIRANG 고배당주
161510
스타일/스타일
1,871
10,755
143,197
0.37
2.87
23.76
23.91
-6.46
-5.45
-5.02
-13.08
0.23
한화자산운용

KBSTAR 코스닥150
270810
시장지수/코스닥
1,781
14,640
108,038
-0.68
12.14
18.21
24.17
43.27
51.99
27.70
13.37
0.18
케이비자산운용

TIGER 차이나CSI300레버리지(합성)
204480
파생상품/레버리지
1,739
29,160
3,070,630
0.97
1.16
18.66
45.26
47.01
54.16
160.47
35.91
0.59
미래에셋자산운용

KODEX 배당가치
325020
스타일/스타일
1,645
11,660
101,450
1.88
5.52
23.32
32.42
12.28
13.66


0.30
삼성자산운용

KBSTAR 단기통안채
196230
채권/단기자금
1,601
104,175
793,870
0.00
0.04
0.16
0.27
1.11
1.13
2.75
4.48
0.13
케이비자산운용

TIGER 중국소비테마
150460
해외지수/해외지수
1,582
7,240
61,101
-1.23
0.70
10.87
12.07
3.52
6.38
-1.52
-11.39
0.50
미래에셋자산운용

HANARO 200TR
332930
시장지수/코스피200
1,528
44,185
9,161
1.75
8.19
25.45
32.71
29.54
31.78


0.07
엔에이치아문디자산운용

TIGER 미국S&P500선물(H)
143850
해외지수/해외지수
1,460
43,035
55,341
-0.38
2.66
14.62
18.55
13.16
13.71
50.47
34.82
0.30
미래에셋자산운용

TIGER 경기방어
139280
섹터/경기소비재
1,445
12,745
31,693
-0.82
5.86
17.52
11.36
23.76
26.30
15.27
-4.45
0.40
미래에셋자산운용

KODEX 은선물(H)
144600
상품/금속
1,348
5,400
1,033,661
0.93
10.09
16.00
39.53
36.36
39.18
60.48
42.48
0.68
삼성자산운용

TIGER 코스닥150 레버리지
233160
파생상품/레버리지
1,347
16,830
1,198,418
-2.01
25.78
38.35
47.76
80.68
103.02
35.78
-6.03
0.32
미래에셋자산운용

KODEX 자동차
091180
섹터/경기소비재
1,299
18,790
268,461
0.05
4.74
24.60
59.78
28.00
29.73
44.77
18.74
0.45
삼성자산운용

TIGER 200선물인버스2X
252710
파생상품/인버스
1,263
2,850
3,794,483
-3.39
-15.05
-37.77
-46.07
-54.07
-55.75
-66.27
-53.39
0.09
미래에셋자산운용

KBSTAR ESG사회책임투자
290130
테마/SRI
1,208
12,190
354,305
1.58
8.21
25.22
32.93
32.57
35.02
51.65

0.30
케이비자산운용

ARIRANG 코스피TR
328370
시장지수/코스피200
1,203
13,820
34,898
1.32
7.30
23.84
30.13
27.79
30.32


0.15
한화자산운용

KODEX 단기변동금리부채권액티브
273140
채권/단기자금
1,167
102,315
131
0.01
0.03
0.12
0.19
0.70
0.75
2.29
3.97
0.15
삼성자산운용

KODEX Fn성장
325010
스타일/스타일
1,154
16,980
36,779
0.89
9.44
24.49
27.81
47.18
51.27


0.30
삼성자산운용

TIGER 미국S&P500
360750
해외지수/해외지수
1,149
10,275
348,390
0.44
1.99
7.82

2.75



0.07
미래에셋자산운용

TIGER 원유선물Enhanced(H)
130680
상품/원유
1,138
2,185
1,368,119
-0.46
8.44
12.34
9.52
-49.25
-48.22
-37.21
-48.28
0.70
미래에셋자산운용

KODEX 국채선물10년인버스
176950
파생상품/인버스
1,130
46,080
11,079
-0.46
0.63
1.85
2.22
-0.56
-0.19
-1.52
-5.14
0.07
삼성자산운용

TIGER 헬스케어
143860
섹터/의료
1,094
51,810
120,193
-2.02
12.72
21.46
19.79
79.28
88.50
51.43
48.10
0.40
미래에셋자산운용

KINDEX 삼성그룹섹터가중
108450
그룹주/삼성
1,074
15,100
21,457
1.85
5.34
30.17
29.00
42.93
47.12
70.12
63.05
0.15
한국투자신탁운용

HANARO Fn K-뉴딜디지털플러스
368190
테마/기타
1,062
11,740
595,562
-0.30
9.01


14.37




엔에이치아문디자산운용

KODEX 미국S&P500선물(H)
219480
해외지수/해외지수
998
17,700
80,346
-0.37
2.64
14.60
18.79
14.19
15.08
52.45
36.94
0.25
삼성자산운용

TIGER 200선물레버리지
267770
파생상품/레버리지
996
16,190
2,568,381
3.09
15.85
55.37
70.87
49.29
54.48
88.91
26.63
0.09
미래에셋자산운용

KODEX KRX300
292190
시장지수/KRX300
990
17,670
35,257
1.73
8.77
25.19
32.76
32.08
34.65
49.81

0.05
삼성자산운용

KINDEX 미국S&P500
360200
해외지수/해외지수
944
10,390
157,874
0.39
1.71
7.67

2.97



0.09
한국투자신탁운용

KODEX MSCI Korea
156080
시장지수/MSCI Korea Index
915
18,260
871
2.04
9.15
26.59
32.75
31.10
33.41
54.05
29.83
0.15
삼성자산운용

TIGER 중장기국채
302190
채권/국공채권
909
53,560
3,084
0.34
-0.12
-0.93
-0.93
1.71
1.59
5.00

0.15
미래에셋자산운용

TIGER 미국S&P500레버리지(합성 H)
225040
파생상품/레버리지
900
23,780
23,301
-0.98
5.10
29.73
37.02
16.08
17.69
95.00
52.24
0.59
미래에셋자산운용

KINDEX 미국나스닥100
367380
해외지수/해외지수
859
10,760
504,917
0.61
5.08


9.29



0.09
한국투자신탁운용

TIGER 유로스탁스50(합성 H)
195930
해외지수/해외지수
833
11,910
26,573
-0.25
1.84
12.09
7.78
-6.55
-6.77
20.36
1.71
0.25
미래에셋자산운용

KBSTAR 단기국공채액티브
272560
채권/국공채권
824
101,660
1,217
0.01
0.08
0.23
0.40
1.61
1.66
3.67
5.78
0.07
케이비자산운용

KODEX 국고채3년
114260
채권/국공채권
801
58,105
9,864
0.16
0.11
-0.15
0.06
1.94
1.92
4.52
7.75
0.15
삼성자산운용

KODEX 심천ChiNext(합성)
256750
해외지수/해외지수
785
11,870
82,534
2.73
3.67
7.62
14.58
56.39
58.16
115.82
48.47
0.47
삼성자산운용

KODEX 반도체
091160
섹터/IT
759
31,590
92,924
-0.32
9.71
21.17
23.52
19.62
27.61
88.24
20.10
0.45
삼성자산운용

TIGER KRX바이오K-뉴딜
364970
섹터/의료
739
12,615
352,573
-0.83
11.29


23.43



0.40
미래에셋자산운용

KODEX 중국본토CSI300
283580
해외지수/해외지수
723
13,365
53,092
0.64
0.07
8.00
21.78
27.10
30.07
75.86
31.48
0.55
삼성자산운용

TIGER 차이나HSCEI
245360
해외지수/해외지수
718
12,345
14,477
0.73
-2.80
4.62
-2.72
-8.66
-7.28
8.64
0.28
0.35
미래에셋자산운용

KODEX 증권
102970
섹터/금융
676
7,400
291,038
0.95
3.06
23.54
38.84
16.64
18.42
30.60
15.70
0.45
삼성자산운용

TIGER 국채3년
114820
채권/국공채권
667
111,125
11,441
0.10
0.06
-0.18
-0.01
1.86
1.90
4.57
7.86
0.15
미래에셋자산운용

SMART KRX300
292500
시장지수/KRX300
652
17,610
9,628
2.09
8.97
24.99
32.88
31.63
34.35
48.90

0.05
신한비엔피파리바자산운용

KBSTAR 금융채액티브
336160
채권/회사채권
640
103,215
399
0.19
0.28
0.40
0.73
2.54
2.61


0.07
케이비자산운용

KODEX 코스피TR
359210
시장지수/코스피200
639
12,760
27,584
1.51
7.14
23.76

26.52



0.07
삼성자산운용

TIGER 부동산인프라고배당
329200
기타/기타
631
4,945
64,459
0.82
1.44
12.79
11.17
-2.87
-1.67


0.29
미래에셋자산운용

TIGER 인버스
123310
파생상품/인버스
622
4,905
322,430
-1.90
-7.63
-20.89
-26.02
-28.96
-30.33
-37.83
-25.68
0.09
미래에셋자산운용

TIGER 소프트웨어
157490
섹터/IT
620
14,150
96,706
0.60
2.72
4.20
8.26
59.05
63.45
96.99
67.73
0.40
미래에셋자산운용

ARIRANG 신흥국MSCI(합성 H)
195980
해외지수/해외지수
611
12,155
29,124
-0.29
3.01
18.35
23.15
8.77
9.90
27.21
7.61
0.50
한화자산운용

TIGER 미국MSCI리츠(합성 H)
182480
해외지수/해외지수
610
12,105
15,977
-2.42
-1.02
13.80
9.40
-10.31
-9.07
10.76
6.05
0.25
미래에셋자산운용

KBSTAR 미국S&P원유생산기업(합성 H)
219390
해외지수/해외지수
606
2,615
581,464
-4.04
4.18
35.49
3.56
-39.54
-40.30
-46.74
-63.17
0.25
케이비자산운용

TIGER 코스피
277630
시장지수/코스피200
606
28,020
34,957
1.01
6.86
22.97
29.31
27.34
30.00
41.24
20.86
0.15
미래에셋자산운용

KODEX 미국달러선물
261240
통화/미국달러
579
9,745
92,353
0.72
-0.92
-6.03
-8.11
-3.80
-4.32
1.04
7.44
0.25
삼성자산운용

KODEX 차이나항셍테크
372330
해외지수/해외지수
563
10,190
968,682
-0.05



2.10




삼성자산운용

KBSTAR 중기우량회사채
136340
채권/회사채권
546
105,095
1,632
0.13
0.31
0.63
1.15
2.25
2.36
5.39
9.01
0.15
케이비자산운용

KBSTAR 중국본토대형주CSI100
174360
해외지수/해외지수
543
20,740
54,127
-0.34
-0.55
8.19
21.46
21.68
23.93
68.69
30.89
0.65
케이비자산운용

KBSTAR Fn5G테크
367760
섹터/IT
533
11,825
339,921
0.64
6.29


18.90



0.45
케이비자산운용

TIGER KRX인터넷K-뉴딜
365000
섹터/IT
529
10,075
316,709
-0.44
1.46


-3.96



0.40
미래에셋자산운용

KBSTAR 국고채3년선물인버스
282000
파생상품/인버스
527
99,435
10,098
-0.12
0.04
0.33
0.33
-0.69
-0.70
-0.07
-0.55
0.07
케이비자산운용

KODEX 코스피대형주
337140
스타일/스타일
508
13,360
28,042
2.49
8.09
25.45
30.47
29.05
31.24


0.15
삼성자산운용

KBSTAR IT플러스
326240
섹터/IT
505
18,640
171,334
1.14
7.90
19.68
27.15
51.38
56.24


0.40
케이비자산운용

KOSEF 단기자금
130730
채권/단기자금
499
101,910
685,459
0.00
0.04
0.14
0.26
1.07
1.10
2.78
4.56
0.15
키움투자자산운용

TIGER 차이나전기차SOLACTIVE
371460
해외지수/해외지수
499
11,605
547,635
8.15



11.86




미래에셋자산운용

KBSTAR Fn수소경제테마
367770
테마/기타
491
11,165
347,741
-2.06
1.32


10.71



0.45
케이비자산운용

TIGER 미디어컨텐츠
228810
섹터/경기소비재
471
5,620
133,565
-0.53
-1.23
-2.01
21.78
2.12
6.76
-14.36
-14.76
0.50
미래에셋자산운용

TIGER 반도체
091230
섹터/IT
467
32,390
45,661
-0.31
9.70
21.27
23.58
20.22
28.21
89.28
21.23
0.46
미래에셋자산운용

KBSTAR KRX300
292050
시장지수/KRX300
462
17,715
10,357
1.32
8.38
24.27
31.71
30.79
33.51
48.09

0.05
케이비자산운용

KOSEF 통안채1년
122260
채권/국공채권
461
102,385
668,943
0.02
0.10
0.14
0.27
1.43
1.47
3.38
5.47
0.15
키움투자자산운용

HANARO e커머스
322400
테마/기타
447
14,395
49,783
0.07
0.77
6.20
16.97
36.14
40.49


0.45
엔에이치아문디자산운용

TIGER 미국채10년선물
305080
해외지수/해외지수
441
11,620
29,604
0.78
-0.98
-7.19
-8.40
3.06
2.74
13.15

0.29
미래에셋자산운용

HANARO 200선물레버리지
304780
파생상품/레버리지
438
23,615
11,712
3.46
16.42
56.24
72.31
51.28
56.18
92.15

0.45
엔에이치아문디자산운용

TIGER 농산물선물Enhanced(H)
137610
상품/농산물
431
5,085
76,481
4.31
3.78
17.84
27.28
8.77
9.59
3.56
-3.24
0.70
미래에셋자산운용

TIGER 미국다우존스30
245340
해외지수/해외지수
407
16,945
19,316
0.74
0.39
6.71
6.81
1.62
1.29
35.12
29.20
0.35
미래에셋자산운용

KBSTAR 중장기국공채액티브
272570
채권/국공채권
403
104,080
704
0.28
0.16
-0.31
0.13
2.71
2.70
6.07
11.07
0.07
케이비자산운용

KINDEX KIS종합채권(AA-이상)액티브
356540
채권/회사채권
398
99,585
26
0.26
-0.21
-0.60

-0.75



0.07
한국투자신탁운용

KBSTAR 국고채3년
114100
채권/국공채권
374
113,420
735
0.16
0.09
-0.15
0.08
2.17
2.20
4.96
8.32
0.12
케이비자산운용

KBSTAR 미국나스닥100
368590
해외지수/해외지수
374
10,400
299,607
0.53
5.05


3.95




케이비자산운용

KODEX 장기종합채권(AA-이상)액티브KAP
363570
채권/회사채권
369
98,705
360
0.36
-0.63


-1.60



0.07
삼성자산운용

KOSEF 코스닥150
316670
시장지수/코스닥
367
7,360
8,168
-1.01
12.20
17.97
23.47
42.47
53.08


0.15
키움투자자산운용

TIGER 차이나항셍테크
371160
해외지수/해외지수
365
10,200
550,124
0.25



2.41




미래에셋자산운용

HANARO 코스닥150
304770
시장지수/코스닥
364
14,730
25,353
-0.94
12.23
18.36
24.20
43.87
52.53
28.40

0.20
엔에이치아문디자산운용

TIGER KRX게임K-뉴딜
364990
섹터/IT
361
10,715
273,518
-0.23
9.95


4.89



0.40
미래에셋자산운용

TIGER 미국달러단기채권액티브
329750
채권/단기자금
357
9,440
46,860
0.80
-0.94
-6.07
-8.17
-4.16
-4.74


0.30
미래에셋자산운용

KODEX 미국달러선물레버리지
261250
파생상품/레버리지
351
8,775
102,319
1.33
-2.01
-11.90
-15.87
-9.26
-10.28
-1.85
8.47
0.45
삼성자산운용

KODEX IT
266370
섹터/IT
340
18,820
29,594
0.37
9.87
27.16
32.68
39.29
44.16
82.68
55.87
0.45
삼성자산운용

KODEX 200가치저변동
223190
스타일/스타일
339
9,955
54,264
2.37
7.45
25.85
33.27
18.05
19.93
33.27
13.91
0.30
삼성자산운용

KOSEF 국고채3년
114470
채권/국공채권
338
112,805
656
0.17
0.04
-0.15
0.08
2.05
2.09
4.81
8.21
0.15
키움투자자산운용

KODEX 미디어&엔터테인먼트
266360
섹터/IT
338
18,655
21,261
0.05
1.88
-1.17
10.71
56.56
61.01
76.93
45.71
0.45
삼성자산운용

KBSTAR 200선물레버리지
252400
파생상품/레버리지
336
19,720
66,391
3.63
16.21
55.83
72.15
51.34
56.38
91.92
28.09
0.60
케이비자산운용

TIGER KRX300
292160
시장지수/KRX300
335
17,600
27,213
1.97
8.94
24.95
32.16
31.23
33.83
48.65

0.09
미래에셋자산운용

KODEX 중국본토 A50
169950
해외지수/해외지수
332
21,955
14,288
-0.20
0.11
8.02
21.13
19.91
22.01
68.69
33.06
0.99
삼성자산운용

TIGER 200IT레버리지
243880
파생상품/레버리지
330
50,495
19,335
5.29
24.08
67.23
83.19
81.05
89.30
176.99
67.90
0.69
미래에셋자산운용

KODEX China H
099140
해외지수/해외지수
329
20,510
7,671
0.39
-2.17
4.35
-2.05
-8.34
-7.01
8.63
0.79
0.37
삼성자산운용

KODEX Fn멀티팩터
337120
투자전략/투자전략
329
13,130
38,969
1.47
6.92
23.63
29.81
27.28
29.90


0.30
삼성자산운용

KBSTAR KQ고배당
270800
스타일/스타일
324
14,700
54,513
1.10
11.15
23.01
28.67
33.62
38.82
49.24
28.96
0.30
케이비자산운용

KBSTAR 200선물인버스2X
252420
파생상품/인버스
323
2,755
603,868
-3.50
-16.13
-37.88
-46.24
-55.09
-56.68
-67.01
-54.46
0.60
케이비자산운용

KODEX China H 레버리지(H)
204450
파생상품/레버리지
323
6,650
38,735
-1.92
-3.20
21.13
9.56
-19.59
-15.82
-2.64
-29.44
0.64
삼성자산운용

TIGER 미국나스닥바이오
203780
해외지수/해외지수
320
19,980
22,864
3.52
10.88
11.74
2.80
22.20
20.07
66.53
47.40
0.30
미래에셋자산운용

KODEX 미국나스닥100선물(H)
304940
해외지수/해외지수
314
16,150
48,415
-0.15
5.90
17.41
23.47
42.60
43.88
103.40

0.45
삼성자산운용

KINDEX 코스닥150
354500
시장지수/코스닥
311
14,750
14,647
-0.94
12.08
17.76
23.22
44.18



0.10
한국투자신탁운용

TIGER 차이나CSI300인버스(합성)
217780
파생상품/인버스
310
8,315
18,250
-1.54
-0.18
-7.46
-18.64
-23.47
-24.48
-46.02
-32.29
0.59
미래에셋자산운용

KINDEX 골드선물 레버리지(합성 H)
225130
파생상품/레버리지
310
19,325
37,947
0.68
4.91
0.55
4.21
34.72
39.38
78.19
65.95
0.49
한국투자신탁운용

TIGER 200 에너지화학
139250
섹터/소재
304
17,235
57,801
-1.43
2.47
29.98
38.10
44.63
46.63
36.46
18.40
0.40
미래에셋자산운용

TIGER 현대차그룹+펀더멘털
138540
그룹주/현대차
301
21,130
48,507
-1.28
4.22
25.48
57.28
24.36
25.87
38.10
27.34
0.15
미래에셋자산운용

KODEX 고배당
279530
스타일/스타일
300
8,555
61,209
0.88
3.89
17.68
25.16
6.62
8.03
6.51
-5.52
0.30
삼성자산운용

KODEX MSCI KOREA ESG유니버설
289040
시장지수/MSCI Korea Index
296
11,320
5,621
1.89
7.86
25.50
30.79
28.23
30.40
49.10

0.30
삼성자산운용

KOSEF 인도Nifty50(합성)
200250
해외지수/해외지수
287
14,030
20,477
0.25
4.23
17.60
22.21
0.86
-0.32
14.72
9.48
0.49
키움투자자산운용

HANARO 200선물인버스
306520
파생상품/인버스
285
10,230
43,969
-1.68
-7.59
-20.76
-26.06
-29.40
-30.57
-38.47

0.45
엔에이치아문디자산운용

ARIRANG 코스피
227830
시장지수/코스피200
284
28,285
15,400
1.05
6.98
23.13
29.10
26.91
29.24
40.76
20.56
0.20
한화자산운용

TIGER 코스닥150선물인버스
250780
파생상품/인버스
283
4,660
1,366,678
0.98
-11.57
-17.89
-21.94
-39.72
-43.48
-37.07
-34.13
0.32
미래에셋자산운용

KOSEF 미국달러선물
138230
통화/미국달러
282
11,705
11,347
0.64
-1.06
-6.06
-8.38
-4.29
-4.84
0.30
6.41
0.37
키움투자자산운용

SMART KIS단기통안채
363510
채권/단기자금
280
100,110
345
0.00
0.03
0.09

0.12



0.13
신한비엔피파리바자산운용

TIGER 200TR
310960
시장지수/코스피200
278
19,805
14,030
1.83
8.14
25.67
32.43
29.57
31.81
49.36

0.09
미래에셋자산운용

KBSTAR 글로벌4차산업IT(합성 H)
276650
해외지수/해외지수
271
19,490
22,355
0.31
5.75
16.43
21.85
32.18
32.72
95.78
75.11
0.40
케이비자산운용

ARIRANG 미국S&P500(H)
269540
해외지수/해외지수
270
15,045
15,268
-0.27
2.70
14.45
18.00
11.12
11.57
49.18
34.57
0.30
한화자산운용

TREX 200
108590
시장지수/코스피200
267
38,105
219
1.76
8.08
25.28
33.23
29.92
32.16
49.27
25.28
0.33
유리자산운용

KODEX 건설
117700
섹터/산업재
267
2,800
224,640
-0.18
10.24
27.85
20.95
4.80
7.16
-8.65
6.18
0.45
삼성자산운용

KODEX 미국S&P고배당커버드콜(합성 H)
276970
파생상품/구조화
264
9,490
29,635
-0.22
-0.27
12.95
17.92
2.13
2.13
22.10
10.80
0.30
삼성자산운용

KINDEX 중장기국공채액티브
272910
채권/국공채권
263
102,500
86
0.25
-0.02
-0.41
-0.25
2.25
2.26
5.57
10.16
0.08
한국투자신탁운용

ARIRANG 미국장기우량회사채
332620
채권/회사채권
261
101,050
837
1.38
-0.81
-4.09
-4.62
6.29
6.45


0.32
한화자산운용

KOSEF 200선물레버리지
253250
파생상품/레버리지
254
19,430
25,384
3.46
15.90
55.50
71.79
49.23
53.96
88.73
25.96
0.46
키움투자자산운용

파워 200
152870
시장지수/코스피200
251
38,525
9,748
1.76
8.20
25.46
32.80
29.49
31.76
49.17
25.11
0.15
교보악사자산운용

KBSTAR 대형고배당10TR
315960
스타일/스타일
251
14,740
26,215
0.99
8.98
28.62
41.19
24.49
25.88


0.15
케이비자산운용

KBSTAR 200TR
361580
시장지수/코스피200
248
19,000
404
1.71
8.14
25.54

23.86



0.05
케이비자산운용

KBSTAR 게임테마
300640
테마/기타
246
12,900
17,640
-2.12
5.01
6.09
14.82
51.48
55.87
52.72

0.30
케이비자산운용

TIGER 레버리지
123320
파생상품/레버리지
246
20,405
738,720
3.45
16.30
56.18
72.49
51.43
57.14
94.33
30.89
0.09
미래에셋자산운용

TIGER 200 헬스케어
227540
섹터/의료
245
29,790
19,446
-3.90
1.62
16.16
10.52
57.61
63.12
51.04
29.64
0.40
미래에셋자산운용

KODEX 배당성장
211900
스타일/스타일
242
13,400
21,471
1.63
2.68
18.01
27.26
17.65
19.70
21.39
0.47
0.15
삼성자산운용

ARIRANG 단기채권액티브
278620
채권/단기자금
229
105,775
776
0.04
0.09
0.17
0.33
1.31
1.34
3.24
5.66
0.13
한화자산운용

KODEX TRF3070
329650
기타/기타
225
10,770
8,456
0.37
0.80
2.33
3.11
4.61
4.31


0.24
삼성자산운용

KBSTAR 중국MSCI China선물(H)
310080
해외지수/해외지수
223
13,830
49,719
-0.90
-2.74
7.63
17.95
20.94
23.10
47.28

0.60
케이비자산운용

KODEX 바이오
244580
섹터/의료
221
16,125
54,980
-1.41
12.49
20.34
30.51
73.02
85.56
56.69
53.43
0.45
삼성자산운용

TIGER 200 금융
139270
섹터/금융
217
6,200
36,159
0.32
-0.08
22.14
24.34
-7.30
-6.98
-7.31
-20.36
0.40
미래에셋자산운용

ARIRANG 미국단기우량회사채
332610
채권/회사채권
215
93,655
268
1.06
-0.45
-5.44
-7.69
-2.34
-2.77


0.32
한화자산운용

KOSEF 미국달러선물인버스2X
230480
파생상품/인버스
213
9,160
9,779
-1.24
1.95
12.88
17.89
5.71
6.76
-4.33
-15.81
0.64
키움투자자산운용

KODEX 미국채울트라30년선물(H)
304660
해외지수/해외지수
211
13,235
13,333
-0.23
-2.07
-4.30
-1.96
14.54
15.14
30.72

0.30
삼성자산운용

TIGER KIS부동산인프라채권TR
341850
기타/기타
207
5,230
16,963
0.58
-1.32
3.00
0.09
0.37



0.22
미래에셋자산운용

ARIRANG 고배당저변동50
251590
투자전략/투자전략
206
9,790
5,659
1.08
2.89
16.83
21.46
1.96
3.41
2.12
-7.59
0.23
한화자산운용

KODEX 배당성장채권혼합
237370
기타/기타
205
11,365
5,895
0.26
0.58
5.09
7.62
7.17
8.19
10.06
6.32
0.19
삼성자산운용

HANARO 고배당
322410
스타일/스타일
205
8,880
42,440
0.11
3.80
19.40
23.44
-1.99
-0.99


0.25
엔에이치아문디자산운용

FOCUS KRX300
292730
시장지수/KRX300
195
17,760
1,207
2.66
8.82
24.33
31.90
31.27
34.00
48.41

0.10
브이아이자산운용

KINDEX 국고채3년
114460
채권/국공채권
193
107,235
164
0.15
0.07
-0.19
-0.01
1.97
1.98
4.64
7.87
0.15
한국투자신탁운용

KOSEF 미국달러선물레버리지
225800
파생상품/레버리지
192
8,380
21,683
1.39
-1.99
-11.97
-16.12
-9.70
-10.76
-3.23
5.34
0.64
키움투자자산운용

KODEX 미국S&P바이오(합성)
185680
해외지수/해외지수
191
36,840
1,879
5.63
20.33
32.02
23.25
49.24
46.48
122.67
84.34
0.25
삼성자산운용

KINDEX 인도네시아MSCI(합성)
256440
해외지수/해외지수
191
8,700
27,086
-1.81
1.75
20.67
8.14
-16.43
-16.18
-8.13
-13.60
0.70
한국투자신탁운용

TIGER 인도니프티50레버리지(합성)
236350
파생상품/레버리지
190
14,810
29,618
0.68
8.86
35.00
45.98
-12.29
-13.49
9.10
-1.53
0.59
미래에셋자산운용

KODEX 미국러셀2000(H)
280930
해외지수/해외지수
189
13,125
18,416
2.30
9.38
38.67
39.78
18.99
19.32
51.21
25.54
0.45
삼성자산운용

FOCUS ESG리더스
285690
테마/SRI
186
9,505
362
-0.05
4.45
23.12
29.32
15.41
17.09
14.64
2.60
0.10
브이아이자산운용

ARIRANG 200선물인버스2X
253160
파생상품/인버스
186
5,485
170,932
-3.60
-15.09
-37.92
-46.36
-55.32
-56.79
-67.14
-54.52
0.06
한화자산운용

KODEX MSCI밸류
275290
시장지수/MSCI Korea Index
185
11,510
22,082
1.41
9.25
24.23
37.93
24.92
27.28
43.07
21.68
0.30
삼성자산운용

TIGER 차이나바이오테크SOLACTIVE
371470
해외지수/해외지수
180
11,065
267,197
2.36



10.65




미래에셋자산운용

TIGER 골드선물(H)
319640
상품/금속
178
13,720
16,217
0.40
2.69
0.70
3.04
19.30
21.25


0.39
미래에셋자산운용

KINDEX 중국본토CSI300레버리지(합성)
219900
파생상품/레버리지
177
5,135
40,532
0.49
1.99
16.97
44.24
45.06
50.81
152.96
31.33
0.50
한국투자신탁운용

KODEX 200exTOP
337150
시장지수/코스피200
176
12,570
2,516
0.12
5.10
20.17
25.57
24.56
26.46


0.30
삼성자산운용

ARIRANG 미국나스닥기술주
287180
해외지수/해외지수
175
19,475
12,262
1.59
6.92
16.48
15.07
29.88
29.40
105.32
92.73
0.50
한화자산운용

KODEX KRX300레버리지
306950
파생상품/레버리지
173
17,235
9,791
0.50
16.93
52.79
69.64
55.06
61.68
91.82

0.64
삼성자산운용

KODEX 200미국채혼합
284430
기타/기타
170
12,540
10,148
1.54
2.66
4.94
6.68
14.63
15.47
28.81
22.88
0.35
삼성자산운용

TIGER 코스닥150IT
261060
시장지수/코스닥
170
15,465
38,315
-1.50
4.92
10.70
20.26
21.54
29.48
58.96
7.22
0.40
미래에셋자산운용

KODEX 필수소비재
266410
섹터/필수소비재
168
9,355
14,569
0.65
3.83
10.78
12.30
8.28
9.98
4.61
-15.06
0.45
삼성자산운용

ARIRANG 코스피50
122090
시장지수/코스피50
168
26,705
10,533
2.08
9.04
25.70
32.86
32.32
34.62
58.27
29.49
0.33
한화자산운용

KODEX 한국대만IT프리미어
298770
기타/기타
168
16,910
21,050
1.38
8.61
20.96
31.49
39.18
40.33
99.76

0.55
삼성자산운용

KBSTAR 고배당
266160
스타일/스타일
167
11,095
61,668
1.98
5.52
23.88
33.68
11.43
12.85
21.22
5.39
0.20
케이비자산운용

TIGER 코스피고배당
210780
스타일/스타일
165
11,650
9,432
0.26
3.23
23.26
28.28
3.64
4.98
8.15
-4.13
0.29
미래에셋자산운용

TIGER 화장품
228790
섹터/경기소비재
160
3,410
148,459
-1.45
-2.57
6.07
11.07
7.26
10.00
-0.20
-24.57
0.50
미래에셋자산운용

KODEX 헬스케어
266420
섹터/의료
159
22,665
26,825
-1.63
12.85
21.14
19.38
78.68
86.85
50.50
45.47
0.45
삼성자산운용

ARIRANG KRX300
292750
시장지수/KRX300
159
17,675
1,200
1.67
9.21
24.87
32.15
31.28
33.93
48.42

0.09
한화자산운용

KOSEF 200 선물
152280
시장지수/코스피200
159
17,025
168
1.70
7.92
25.32
32.34
28.93
31.11
47.59
22.84
0.23
키움투자자산운용

KODEX 국채선물10년
152380
채권/국공채권
158
71,095
4,897
0.40
-0.69
-1.84
-2.23
0.80
0.52
3.96
10.14
0.25
삼성자산운용

HANARO KRX300
304760
시장지수/KRX300
157
17,485
3,184
2.01
9.11
25.29
32.17
31.48
34.45
48.68

0.05
엔에이치아문디자산운용

TIGER 단기선진하이일드(합성 H)
182490
해외지수/해외지수
157
12,045
2,554
0.21
1.05
4.83
6.50
0.96
1.22
9.30
8.51
0.25
미래에셋자산운용

KODEX 미국S&P에너지(합성)
218420
해외지수/해외지수
156
5,035
44,185
-1.56
1.10
18.05
-10.96
-37.53
-38.30
-29.68
-43.08
0.25
삼성자산운용

KODEX 200롱코스닥150숏선물
360140
기타/기타
156
10,350
8,404
2.02
-4.65
2.83

2.07



0.64
삼성자산운용

KINDEX 스마트밸류
272230
투자전략/투자전략
153
13,910
14,661
1.98
7.83
24.42
31.91
24.64
26.64
45.26
21.39
0.19
한국투자신탁운용

KODEX Fn K-뉴딜디지털플러스
368680
테마/기타
153
11,755
15,657
-0.47
8.79


14.68




삼성자산운용

KODEX 구리선물(H)
138910
상품/금속
152
6,615
30,549
-0.82
7.21
18.87
31.25
19.62
19.95
24.23
-0.45
0.68
삼성자산운용

KINDEX 미국IT인터넷S&P(합성 H)
280320
해외지수/해외지수
151
19,040
3,140
2.01
8.86
19.15
23.16
51.05
50.63
83.61
82.29
0.50
한국투자신탁운용

TIGER 유로스탁스레버리지(합성 H)
225050
파생상품/레버리지
151
7,390
26,738
-1.53
1.30
21.55
12.74
-24.21
-23.70
18.24
-18.70
0.59
미래에셋자산운용

KINDEX 밸류대형
143460
투자전략/투자전략
151
8,840
25,527
1.78
8.07
27.10
37.48
22.09
23.93
37.80
19.96
0.15
한국투자신탁운용

KINDEX 미국WideMoat가치주
309230
해외지수/해외지수
150
13,670
7,186
0.40
1.82
10.46
7.34
6.34
6.09
51.72

0.40
한국투자신탁운용

KBSTAR 5대그룹주
105780
그룹주/기타
149
7,455
5,660
0.81
7.58
27.44
35.92
35.54
38.23
54.96
34.49
0.40
케이비자산운용

HANARO Fn5G산업
367740
섹터/IT
149
11,470
55,086
0.26
6.25


16.03



0.45
엔에이치아문디자산운용

KBSTAR 채권혼합
183700
기타/기타
149
62,050
174
0.62
2.45
7.05
9.03
10.25
11.08
17.50
13.88
0.20
케이비자산운용

TIGER S&P글로벌헬스케어(합성)
248270
해외지수/해외지수
149
14,890
3,298
0.51
1.22
0.68
-2.62
3.94
3.65
35.73
39.75
0.40
미래에셋자산운용

KODEX 에너지화학
117460
섹터/소재
149
16,255
24,706
-1.66
2.49
29.52
51.99
57.72
60.42
48.90
26.60
0.45
삼성자산운용

TIGER AI코리아그로스액티브
365040
시장지수/코스피200
145
12,000
219,316
1.39
7.62


18.99



0.40
미래에셋자산운용

KBSTAR 중소형고배당
281990
스타일/스타일
145
10,295
7,456
0.68
4.20
16.72
29.66
13.76
16.28
18.46
-0.04
0.30
케이비자산운용

KOSEF 코스닥150선물레버리지
291630
파생상품/레버리지
144
6,795
16,997
-1.95
26.30
41.12
47.56
83.90
106.53
41.12

0.09
키움투자자산운용

TIGER 글로벌클라우드컴퓨팅INDXX
371450
해외지수/해외지수
144
11,360
231,610
7.93



13.26




미래에셋자산운용

KBSTAR 200IT
285000
섹터/IT
142
14,825
8,217
2.92
11.59
29.87
37.40
43.73
47.18
82.93
48.28
0.19
케이비자산운용

TIGER 200커뮤니케이션서비스
315270
시장지수/코스피200
142
25,280
3,628
0.70
2.60
1.26
10.63
42.80
46.87


0.40
미래에셋자산운용

KODEX 최소변동성
279540
투자전략/투자전략
142
11,785
12,430
0.55
4.06
13.70
19.46
26.18
29.93
37.05
20.28
0.30
삼성자산운용

파워 코스피100
140950
시장지수/코스피100
141
29,235
243
1.79
7.80
24.90
31.27
28.28
30.64
50.21
26.00
0.16
교보악사자산운용

KODEX 코스닥150롱코스피200숏선물
360150
기타/기타
141
9,410
2,133
-2.69
4.73
-5.09

-4.47



0.64
삼성자산운용

KTOP 코스피50
168300
시장지수/코스피50
138
27,130
526
2.13
9.24
25.46
31.99
32.19
34.27
57.90
29.62
0.30
하나유비에스자산운용

KOSEF Fn중소형
331910
스타일/스타일
135
19,315
558
-0.41
2.30
14.92
21.83
17.72
21.16


0.30
키움투자자산운용

KODEX 글로벌4차산업로보틱스(합성)
276990
해외지수/해외지수
135
15,950
9,457
3.67
10.00
23.98
26.79
35.63
35.23
83.33
46.06
0.30
삼성자산운용

TIGER 미국달러선물인버스2X
261120
파생상품/인버스
135
10,345
18,173
-1.85
1.72
12.81
17.29
4.44
5.45
-4.83
-14.68
0.47
미래에셋자산운용

KODEX 코스피100
237350
시장지수/코스피100
133
29,330
9,349
1.73
7.83
24.62
31.41
28.93
31.25
51.06
25.57
0.15
삼성자산운용

TIGER 유로스탁스배당30
245350
해외지수/해외지수
132
10,940
12,912
0.41
3.26
15.44
12.32
-14.69
-14.53
6.10
-7.64
0.35
미래에셋자산운용

ARIRANG KS모멘텀가중TR
333960
투자전략/투자전략
131
14,510
20,124
-0.03
6.81
19.42
24.71
31.73
34.85


0.25
한화자산운용

TIGER 200 건설
139220
섹터/산업재
131
2,385
141,068
0.21
11.97
29.97
20.76
0.85
2.76
-13.93
-1.00
0.40
미래에셋자산운용

TIGER 삼성그룹펀더멘털
138520
그룹주/삼성
131
11,655
10,646
2.82
6.68
29.21
28.49
24.56
27.84
44.64
40.81
0.15
미래에셋자산운용

ARIRANG 우량회사채50 1년
239660
채권/회사채권
130
108,380
185,661
0.03
0.08
0.15
0.33
1.47
1.51
3.56
5.97
0.14
한화자산운용

TIGER 200 중공업
139230
섹터/산업재
129
2,840
154,190
-2.41
0.89
25.94
22.41
1.84
2.94
-10.21
-0.87
0.40
미래에셋자산운용

KINDEX S&P아시아TOP50
277540
해외지수/해외지수
129
14,225
17,600
0.32
1.93
13.26
18.05
20.96
22.79
53.12
36.84
0.70
한국투자신탁운용

KBSTAR 코스피ex200
361590
시장지수/코스피200
127
11,570
5,288
-0.94
5.90
17.70

22.30



0.25
케이비자산운용

TIGER 글로벌자원생산기업(합성 H)
276000
해외지수/해외지수
125
11,395
1,477
-1.30
6.40
19.70
15.57
-1.64
-1.51
14.98
4.35
0.40
미래에셋자산운용

KINDEX 싱가포르리츠
316300
해외지수/해외지수
125
11,175
2,946
-0.27
-0.18
-3.71
-1.63
-8.29
-6.95


0.40
한국투자신탁운용

KODEX 200IT TR
363580
섹터/IT
124
12,445
1,269
2.81
12.27


29.50



0.15
삼성자산운용

KODEX 3대농산물선물(H)
271060
상품/농산물
124
9,020
22,635
4.82
4.88
19.47
30.72
9.53
12.19
6.81
1.41
0.55
삼성자산운용

KOSEF 국고채10년레버리지
167860
파생상품/레버리지
123
137,355
409
0.79
-1.31
-3.60
-4.18
1.57
0.99
7.68
20.15
0.30
키움투자자산운용

TIGER 일본TOPIX헬스케어(합성)
248260
해외지수/해외지수
123
12,265
403
1.11
-0.65
-6.87
-10.47
1.66
1.83
26.84
30.34
0.40
미래에셋자산운용

KODEX KTOP30
229720
테마/우량주
122
20,315
3,019
1.07
5.75
22.27
34.09
40.96
44.06
59.52
33.65
0.25
삼성자산운용

TIGER 코스피중형주
277650
스타일/스타일
122
14,360
7,291
-1.71
4.10
19.42
32.96
28.47
31.95
22.64
10.85
0.29
미래에셋자산운용

KOSEF 코스피100
153270
시장지수/코스피100
122
29,010
4,820
1.97
8.21
25.01
31.37
28.95
31.13
50.73
25.63
0.20
키움자산운용

TIGER KTOP30
228820
테마/우량주
121
10,030
4,407
1.01
5.69
21.87
34.35
41.12
43.80
59.26
34.31
0.25
미래에셋자산운용

KBSTAR KRX300레버리지
307010
파생상품/레버리지
120
17,110
1,415
2.86
16.95
53.38
69.07
55.12
60.96
90.11

0.55
케이비자산운용

KODEX 모멘텀Plus
244620
투자전략/투자전략
119
11,895
11,736
0.34
4.62
8.63
16.39
28.93
34.71
31.68
11.89
0.30
삼성자산운용

TIGER 일본니케이225
241180
해외지수/해외지수
118
16,935
4,191
0.59
1.41
11.41
12.41
14.39
13.05
45.23
35.14
0.35
미래에셋자산운용

ARIRANG 200선물레버리지
253150
파생상품/레버리지
118
39,085
9,091
3.50
16.34
56.28
72.56
50.36
55.35
92.02
28.00
0.06
한화자산운용

TIGER 모멘텀
147970
투자전략/투자전략
117
20,245
11,926
1.56
4.87
11.02
10.42
4.12
5.34
1.35
-11.07
0.29
미래에셋자산운용

마이티 코스피100
159800
시장지수/코스피100
117
29,040
12
2.36
8.32
25.15
31.67
28.36
30.34
50.01
24.88
0.39
DB자산운용

KODEX 게임산업
300950
테마/기타
116
12,840
23,360
-0.96
6.56
2.27
10.03
45.31
48.92
38.56

0.45
삼성자산운용

ARIRANG 고배당주채권혼합
251600
기타/기타
115
10,495
5,309
0.38
1.45
8.87
9.32
0.10
0.48
2.58
0.64
0.20
한화자산운용

KINDEX 스마트모멘텀
272220
투자전략/투자전략
115
16,425
16,108
1.05
8.52
25.33
29.89
32.49
35.19
53.09
29.06
0.19
한국투자신탁운용

KODEX 미국채10년선물
308620
해외지수/해외지수
115
11,495
9,195
0.52
-0.86
-6.16
-7.41
3.47
3.42
12.20

0.30
삼성자산운용

KODEX TRF7030
329670
기타/기타
114
11,395
3,289
0.09
1.06
5.85
6.25
6.84
6.59


0.10
삼성자산운용

KOSEF 미국달러선물인버스
139660
파생상품/인버스
113
10,905
3,447
-0.77
0.88
6.55
8.51
3.32
3.81
-0.55
-5.54
0.49
키움투자자산운용

TIGER 코스피대형주
277640
스타일/스타일
111
13,895
7,419
1.83
8.17
24.78
30.21
28.70
30.59
46.71
23.96
0.29
미래에셋자산운용

KINDEX 러시아MSCI(합성)
265690
해외지수/해외지수
111
24,785
4,684
-1.22
5.96
8.37
-3.93
-22.10
-21.39
18.16
21.41
0.50
한국투자신탁운용

TIGER 경기방어채권혼합
237440
기타/기타
111
10,105
4,946
-0.05
1.75
4.91
3.52
8.48
9.23
8.45
4.81
0.20
미래에셋자산운용

KODEX TRF5050
329660
기타/기타
111
11,150
3,897
0.63
1.27
4.45
5.09
6.34
6.14


0.17
삼성자산운용

KOSEF KRX100
100910
시장지수/KRX100
109
6,065
1,882
1.42
8.50
24.65
29.97
27.62
29.90
48.18
25.96
0.23
키움투자자산운용

TIGER 미국S&P500선물인버스(H)
225030
파생상품/인버스
109
4,625
48,414
0.54
-2.73
-13.71
-17.63
-22.01
-22.40
-41.93
-36.64
0.59
미래에셋자산운용

TIGER 여행레저
228800
섹터/경기소비재
108
4,200
152,701
-2.55
-4.11
14.75
8.39
-3.31
-1.85
-4.39
5.24
0.50
미래에셋자산운용

KODEX 혁신기술테마액티브
364690
테마/기타
108
11,995
118,624
1.35
7.53


19.89



0.30
삼성자산운용

TIGER 코스닥150바이오테크
261070
시장지수/코스닥
108
15,645
13,813
-0.51
18.25
22.04
26.78
82.75
93.82
31.27
22.86
0.40
미래에셋자산운용

ARIRANG KS퀄리티가중TR
333980
투자전략/투자전략
108
14,385
18,356
1.48
7.47
21.80
24.60
26.68
29.59


0.25
한화자산운용

KINDEX 블룸버그베트남VN30선물레버리지(H)
371130
파생상품/레버리지
108
11,615
38,393
2.79



15.51




한국투자신탁운용

KODEX S&P글로벌인프라(합성)
269420
해외지수/해외지수
107
10,655
2,099
0.14
-0.19
8.17
2.06
-13.23
-13.09
11.16
3.90
0.26
삼성자산운용

KBSTAR 차이나항셍테크
371150
해외지수/해외지수
105
10,195
583,160
0.30



2.15




케이비자산운용

KINDEX 일본TOPIX인버스(합성 H)
205720
파생상품/인버스
105
4,920
10,662
1.03
-0.61
-9.72
-12.46
-10.79
-10.63
-27.65
-15.54
0.50
한국투자신탁운용

KODEX 200ESG
337160
테마/SRI
104
13,060
5,612
1.87
8.29
25.76
33.27
24.79
27.24


0.30
삼성자산운용

KINDEX 일본Nikkei225(H)
238720
해외지수/해외지수
104
17,500
4,077
0.09
2.31
15.40
18.44
12.11
11.11
35.87
20.73
0.30
한국투자신탁운용

KBSTAR 헬스케어채권혼합
253290
기타/기타
104
12,985
11,815
-0.76
4.63
6.39
10.18
25.81
26.98
23.40
24.09
0.35
케이비자산운용

KINDEX 차이나항셍테크
371870
해외지수/해외지수
103
10,105
24,866
-0.93



1.46




한국투자신탁운용

KBSTAR 주식혼합
183710
기타/기타
103
41,190
262
1.42
5.71
17.08
21.70
21.03
22.58
34.90
19.99
0.25
케이비자산운용

KINDEX 레버리지
152500
파생상품/레버리지
103
8,525
110,818
3.52
16.14
55.57
72.22
51.15
56.57
93.09
29.86
0.30
한국투자신탁운용

KINDEX 국고채10년
365780
채권/국공채권
101
99,045
884
0.47
-0.46


-1.39



0.10
한국투자신탁운용

KBSTAR 모멘텀로우볼
252730
투자전략/투자전략
101
14,365
6,198
2.46
7.36
21.27
26.90
23.04
25.20
38.93
17.51
0.35
케이비자산운용

KINDEX 모닝스타싱가포르리츠채권혼합
342140
해외지수/해외지수
99
9,980
541
0.25
0.15
-1.09
-0.55
-0.15



0.40
한국투자신탁운용

KBSTAR V&S셀렉트밸류
234310
투자전략/투자전략
99
14,050
3,034
2.11
7.21
22.23
29.79
25.32
27.68
41.69
25.57
0.30
케이비자산운용

TIGER 의료기기
307510
섹터/의료
98
19,640
8,228
-3.25
1.26
-2.72
24.19
80.39
91.35
104.01

0.50
미래에셋자산운용

TIGER 구리실물
160580
상품/금속
98
8,030
4,936
0.38
6.50
10.91
19.94
17.83
17.40
24.02
10.45
0.85
미래에셋자산운용

TIGER 로우볼
174350
투자전략/투자전략
98
11,090
5,529
0.86
3.55
17.79
21.20
-1.37
0.01
-3.94
-14.08
0.40
미래에셋자산운용

TIGER 이머징마켓MSCI레버리지(합성 H)
225060
파생상품/레버리지
97
13,910
3,792
-1.80
6.63
40.22
49.41
12.91
16.16
49.57
-1.90
0.59
미래에셋자산운용

ARIRANG KS밸류가중TR
333970
투자전략/투자전략
97
13,835
19,322
1.69
7.46
26.69
34.32
19.89
22.11


0.25
한화자산운용

TIGER 증권
157500
섹터/금융
97
4,340
58,329
0.81
2.36
22.60
39.77
15.56
17.97
30.72
9.87
0.40
미래에셋자산운용

SMART 선진국MSCI World(합성 H)
208470
해외지수/해외지수
96
16,185
49
0.43
3.32
15.20
17.54
11.62
12.40
44.38
27.39
0.35
신한비엔피파리바자산운용

KBSTAR KRX300미국달러선물혼합
319870
기타/기타
95
13,645
74
2.25
7.02
16.72
20.81
26.23
28.24


0.30
케이비자산운용

KINDEX 스마트로우볼
322130
투자전략/투자전략
94
15,690
5,159
1.98
7.76
23.69
29.56
23.12
25.19


0.19
한국투자신탁운용

KOSEF 배당바이백Plus
260200
스타일/스타일
94
14,420
123
-0.69
3.78
15.73
24.20
2.56
4.76
0.99
-4.64
0.40
키움투자자산운용

SMART 중국본토 중소형 CSI500(합성 H)
220130
해외지수/해외지수
94
5,150
1,852
-0.58
-2.37
2.59
15.86
29.07
30.54
58.46
2.69
0.60
신한비엔피파리바자산운용

KINDEX 스마트하이베타
322150
투자전략/투자전략
93
13,300
611
1.06
8.79
28.25
36.13
29.40
32.18


0.19
한국투자신탁운용

HANARO KAP초장기국고채
346000
채권/국공채권
93
48,930
434
0.63
-1.53
-3.42
-3.89
-0.92



0.20
엔에이치아문디자산운용

TIGER 우량가치
227570
테마/우량주
91
10,090
8,325
-0.59
2.28
18.28
19.97
-0.46
1.33
-5.65
-15.59
0.40
미래에셋자산운용

KODEX 미국S&P산업재(합성)
200030
해외지수/해외지수
91
17,025
1,694
0.44
-0.44
9.77
16.57
2.22
1.46
38.64
18.07
0.25
삼성자산운용

TREX 펀더멘탈 200
145850
투자전략/투자전략
91
36,270
57
1.61
7.43
26.42
37.46
22.93
24.91
36.75
18.71
0.34
유리자산운용

KODEX 일본TOPIX100
101280
해외지수/해외지수
90
15,065
2,235
-0.33
1.65
7.92
8.69
6.84
5.87
33.32
18.72
0.37
삼성자산운용

KODEX 다우존스미국리츠(H)
352560
기타/기타
89
11,205
4,377
-1.02
-0.66
9.32
6.01
18.89



0.30
삼성자산운용

KODEX 철강
117680
섹터/소재
89
7,025
48,240
-1.47
6.76
30.09
30.09
10.89
12.36
-3.30
-26.83
0.45
삼성자산운용

KODEX 보험
140700
섹터/금융
88
5,840
56,332
1.13
2.55
17.98
21.67
-6.01
-5.35
-21.72
-32.95
0.45
삼성자산운용

마이다스 200커버드콜5%OTM
137930
파생상품/구조화
88
14,535
45
2.00
3.09
16.65
17.84
10.91
12.46
23.44
6.17
0.37
마이다스에셋자산운용

TIGER 일본TOPIX(합성 H)
195920
해외지수/해외지수
87
14,690
922
-0.68
0.86
9.63
12.57
2.01
2.66
20.36
-4.17
0.25
미래에셋자산운용

KINDEX 스마트퀄리티
322120
투자전략/투자전략
87
17,445
1,764
1.45
8.66
22.85
28.70
32.13
34.95


0.19
한국투자신탁운용

KINDEX 일본TOPIX레버리지(H)
196030
파생상품/레버리지
87
17,525
1,435
-2.15
1.24
19.46
25.22
1.01
0.72
39.47
-8.32
0.50
한국투자신탁운용

KODEX 200동일가중
252650
시장지수/코스피200
85
10,640
924
0.28
4.36
20.09
28.81
16.87
18.84
13.30
1.75
0.25
삼성자산운용

KODEX TSE일본리츠(H)
352540
기타/기타
85
10,665
749
0.28
3.14
2.50
3.85
10.06



0.30
삼성자산운용

KINDEX 코스피
305050
시장지수/코스피200
85
28,210
5,952
1.22
7.04
22.97
28.99
27.01
29.39
41.05

0.13
한국투자신탁운용

TIGER 라틴35
105010
해외지수/해외지수
85
3,245
40,713
-0.76
14.26
33.54
16.10
-20.47
-20.17
-6.27
-13.03
0.49
미래에셋자산운용

ARIRANG 주도업종
280920
투자전략/투자전략
84
10,515
19,199
1.15
5.89
21.28
24.96
31.31
33.20
35.40
11.74
0.23
한화자산운용

TIGER 일본엔선물
292560
통화/기타통화
84
10,525
1,141
0.57
0.53
-4.49
-5.48
0.48
0.10
4.52

0.25
미래에셋자산운용

ARIRANG KRX300헬스케어
309210
시장지수/KRX300
84
16,000
1,965
-2.08
13.84
23.36
22.09
79.78
87.68
45.72

0.40
한화자산운용

KODEX 콩선물(H)
138920
상품/농산물
84
10,525
11,511
6.91
6.42
24.70
42.52
27.19
27.04
21.19
4.00
0.68
삼성자산운용

KBSTAR 미국고정배당우선증권ICE TR
354240
해외지수/해외지수
84
9,850
1,752
0.46
0.00
-0.66
-1.75
-1.10



0.50
케이비자산운용

ARIRANG 국채선물3년
298340
채권/국공채권
83
53,535
21
0.20
0.10
-0.05
0.07
2.09
2.16
4.46

0.10
한화자산운용

KOSEF 블루칩
104520
테마/우량주
83
9,215
3,304
0.44
4.48
18.67
24.44
16.78
18.93
22.47
11.35
0.40
키움투자자산운용

TIGER LG그룹+펀더멘털
138530
그룹주/LG
83
9,845
17,665
2.23
10.12
24.46
37.21
41.63
44.72
39.80
17.78
0.15
미래에셋자산운용

KODEX 기계장비
102960
섹터/산업재
82
4,760
24,938
-1.65
2.81
25.93
26.76
7.63
9.58
-2.80
-5.98
0.45
삼성자산운용

KBSTAR 200커뮤니케이션서비스
315480
시장지수/코스피200
82
15,760
2,141
0.80
2.74
1.91
11.30
43.51
47.03


0.19
케이비자산운용

ARIRANG 중형주저변동50
266550
투자전략/투자전략
82
10,190
3,032
0.39
2.67
17.33
21.24
14.28
17.46
19.06
-1.78
0.23
한화자산운용

ARIRANG KS로우볼가중TR
333940
투자전략/투자전략
81
12,505
21,728
2.29
7.16
22.24
25.80
10.22
12.00


0.25
한화자산운용

KODEX K-이노베이션액티브
373490
투자전략/투자전략
81
10,165
250,532




0.00




삼성자산운용

KODEX 삼성그룹밸류
213610
그룹주/삼성
81
9,020
30,357
2.21
5.99
28.49
27.94
19.39
22.01
35.15
31.79
0.15
삼성자산운용

TIGER 금은선물(H)
139320
상품/금속
81
10,130
8,987
0.45
3.53
2.58
5.85
20.52
22.79
40.30
33.47
0.70
미래에셋자산운용

KINDEX 삼성그룹동일가중
131890
그룹주/삼성
81
16,170
407
0.90
3.62
23.81
23.25
14.23
16.91
28.53
33.66
0.15
한국투자신탁운용

HANARO 글로벌럭셔리S&P(합성)
354350
해외지수/해외지수
81
14,820
12,483
1.58
4.37
20.39
32.56
48.94



0.50
엔에이치아문디자산운용

ARIRANG KS로우사이즈가중TR
333950
투자전략/투자전략
81
14,665
8,636
0.58
6.58
22.77
35.41
30.88
34.54


0.25
한화자산운용

KINDEX 코스닥(합성)
251890
시장지수/코스닥
80
13,380
41
-1.62
6.11
14.90
21.91
38.08
44.57
36.95
20.87
0.30
한국투자신탁운용

ARIRANG 글로벌MSCI(합성 H)
189400
해외지수/해외지수
79
15,470
1,145
-0.87
2.65
13.50
17.55
7.47
7.73
35.88
18.23
0.40
한화자산운용

TIGER 200에너지화학레버리지
243890
파생상품/레버리지
79
15,835
27,304
-2.85
4.87
65.55
82.22
74.97
79.03
47.58
4.11
0.69
미래에셋자산운용

TIGER 200 경기소비재
139290
섹터/경기소비재
78
16,145
4,261
0.84
3.53
18.84
39.54
15.94
17.88
26.17
6.62
0.40
미래에셋자산운용

KINDEX 미국다우존스리츠(합성 H)
181480
기타/기타
76
75,820
316
-1.95
-1.42
8.20
5.64
-10.25
-9.60
13.42
10.91
0.30
한국투자신탁운용

KODEX MSCI모멘텀
275280
시장지수/MSCI Korea Index
75
12,515
1,652
0.48
7.29
18.91
27.31
41.73
45.32
47.29
23.40
0.30
삼성자산운용

TIGER 베타플러스
170350
투자전략/투자전략
75
17,000
412
1.67
8.87
28.53
40.85
37.28
39.64
50.56
22.73
0.40
미래에셋자산운용

TIGER 배당성장
211560
스타일/스타일
75
16,585
6,691
1.38
2.47
18.04
27.27
17.58
19.81
21.45
0.89
0.15
미래에셋자산운용

KBSTAR 헬스케어
253280
섹터/의료
74
18,395
5,036
-2.83
13.72
20.90
32.72
92.11
98.31
65.44
55.10
0.40
케이비자산운용

TIGER 200커버드콜5%OTM
166400
파생상품/구조화
73
14,610
357
1.56
3.40
18.40
18.78
11.78
13.21
22.98
5.03
0.38
미래에셋자산운용

파워 고배당저변동성
192720
스타일/스타일
73
26,830
388
0.66
3.49
19.82
25.74
1.13
2.56
0.37
-7.55
0.23
교보악사자산운용

TIGER 일본엔선물레버리지
292570
파생상품/레버리지
73
10,325
1,316
0.73
-1.10
-9.63
-12.02
-1.90
-2.91
3.25

0.47
미래에셋자산운용

TIGER 차이나항셍25
117690
해외지수/해외지수
72
16,120
1,347
0.69
-2.45
7.11
-0.95
-8.46
-7.24
9.95
-0.12
0.49
미래에셋자산운용

ARIRANG 신흥국MSCI인버스(합성 H)
373530
파생상품/인버스
72
9,945
440
0.00



-0.55




한화자산운용

KOSEF 200선물인버스2X
253230
파생상품/인버스
72
2,725
106,038
-4.05
-15.24
-38.07
-46.57
-55.62
-57.15
-67.35
-54.92
0.46
키움투자자산운용

ARIRANG 심천차이넥스트(합성)
256450
해외지수/해외지수
71
11,675
3,159
3.27
3.59
7.21
14.46
56.08
57.88
111.89
46.49
0.50
한화자산운용

KBSTAR 모멘텀밸류
252720
투자전략/투자전략
71
12,945
1,204
3.73
9.06
26.42
33.94
12.57
13.98
24.94
3.34
0.35
케이비자산운용

KBSTAR 미국장기국채선물레버리지(합성 H)
267490
파생상품/레버리지
71
14,240
325
-1.15
-2.90
-6.56
-5.44
23.29
24.37
49.11
41.41
0.50
케이비자산운용

TIGER 미국달러선물레버리지
261110
파생상품/레버리지
71
8,880
4,489
1.43
-2.04
-11.99
-15.83
-8.36
-9.20
-0.56
9.36
0.47
미래에셋자산운용

TIGER 우선주
261140
투자전략/투자전략
71
13,045
4,435
2.31
7.59
23.12
36.86
35.12
36.70
56.23
24.69
0.29
미래에셋자산운용

KBSTAR V&S셀렉트밸류채권혼합
241390
기타/기타
71
11,770
3,204
1.03
3.11
9.12
11.76
11.86
13.03
19.33
15.55
0.23
케이비자산운용

KINDEX Fn K-뉴딜디지털플러스
368470
테마/기타
70
14,010
427
-0.67
8.69


14.27




한국투자신탁운용

KOSEF 미국방어배당성장나스닥
373790
해외지수/해외지수
70
9,995
14,476




0.00




키움투자자산운용

TIGER 국채선물3년인버스
302170
파생상품/인버스
70
49,620
17
-0.13
-0.04
0.26
0.28
-0.76
-0.79
-0.25

0.07
미래에셋자산운용

TIGER MSCI KOREA ESG리더스
289260
시장지수/MSCI Korea Index
70
10,480
1,104
0.62
5.22
21.65
24.02
27.37
29.38
43.03

0.40
미래에셋자산운용

KOSEF 저PBR가중
260270
투자전략/투자전략
69
13,810
1,925
0.84
5.62
27.52
33.88
14.58
17.11
8.77
-2.35
0.40
키움투자자산운용

KBSTAR 팔라듐선물(H)
334690
상품/금속
68
13,590
4,531
-1.41
-1.16
3.66
17.76
17.87
19.26


0.60
케이비자산운용

TIGER 방송통신
098560
섹터/통신서비스
68
7,505
15,605
0.20
4.31
9.32
5.33
-9.58
-7.06
-21.39
-22.57
0.46
미래에셋자산운용

TIGER 중소형성장
292130
스타일/스타일
67
11,185
2,960
-1.97
3.18
11.46
27.97
42.89
51.35
42.67

0.29
미래에셋자산운용

KINDEX 멕시코MSCI(합성)
291130
해외지수/해외지수
67
8,455
897
-0.06
3.11
25.91
15.43
-13.64
-13.28
-0.24

0.50
한국투자신탁운용

KINDEX 배당성장
211260
스타일/스타일
67
33,585
168
1.40
2.47
18.30
27.34
17.53
19.74
21.15
0.84
0.15
한국투자신탁운용

KODEX 미국달러선물인버스2X
261260
파생상품/인버스
66
10,370
36,539
-1.66
1.62
12.96
17.51
4.59
5.65
-4.56
-14.62
0.45
삼성자산운용

TIGER 일본엔선물인버스
292580
파생상품/인버스
66
9,420
6
-1.10
-0.16
4.03
4.90
-2.08
-2.33
-5.61

0.47
미래에셋자산운용

TIGER 대형성장
292100
스타일/스타일
66
12,055
8,379
0.71
9.19
23.01
23.70
39.05
42.46
64.15

0.29
미래에셋자산운용

ARIRANG 미국다우존스고배당주(합성 H)
213630
해외지수/해외지수
66
12,520
4,059
-0.95
1.13
20.33
15.93
-10.32
-10.35
7.75
-2.00
0.40
한화자산운용

KODEX MSCI퀄리티
275300
시장지수/MSCI Korea Index
66
11,055
1,123
0.55
4.24
8.70
11.72
10.54
12.48
42.81
11.21
0.30
삼성자산운용

TIGER MSCI KOREA ESG유니버설
289250
시장지수/MSCI Korea Index
66
11,460
2,315
1.96
9.35
27.12
33.08
30.32
32.39
54.55

0.40
미래에셋자산운용

KBSTAR 국채선물10년
295000
채권/국공채권
64
56,595
2,301
0.44
-0.69
-1.81
-2.09
1.23
0.92
4.91

0.07
케이비자산운용

ARIRANG 스마트베타Quality채권혼합
238670
기타/기타
64
10,725
416
0.23
1.76
4.69
6.29
5.17
5.79
8.49
6.77
0.20
한화자산운용

ARIRANG 국채선물10년
289670
채권/국공채권
64
57,465
499
0.52
-0.61
-1.72
-1.95
1.24
0.90
5.00

0.13
한화자산운용

KODEX 운송
140710
섹터/산업재
64
4,550
104,667
-1.94
-2.47
33.24
42.63
52.43
52.94
56.79
62.56
0.45
삼성자산운용

TIGER 200커버드콜ATM
289480
파생상품/구조화
63
10,535
240
0.86
1.79
11.72
12.98
5.72
6.47
10.14

0.38
미래에셋자산운용

KODEX 경기소비재
266390
섹터/경기소비재
63
10,485
3,379
2.19
4.38
10.02
16.50
-3.33
-0.05
2.35
-10.21
0.45
삼성자산운용

TIGER K게임
300610
테마/기타
62
11,285
10,895
-1.01
6.41
6.11
12.23
46.65
50.27
38.19

0.50
미래에셋자산운용

KBSTAR KRX국채선물3년10년스티프너2X
342600
채권/국공채권
62
51,660
44
0.02
0.53
0.83
1.30
2.82
3.13


0.20
케이비자산운용

KBSTAR KRX국채선물3년10년스티프너
342500
채권/국공채권
61
51,005
12
0.10
0.36
0.43
0.67
1.72
1.88


0.15
케이비자산운용

KODEX 퀄리티Plus
244660
투자전략/투자전략
61
10,125
1,426
-0.44
4.38
12.94
17.12
12.48
16.50
10.56
-1.17
0.30
삼성자산운용

파워 중기국고채
176710
채권/국공채권
61
101,805
1
0.10
0.06
-0.12
0.08
1.99
2.03
4.52
7.45
0.15
교보악사자산운용

KBSTAR 미국장기국채선물(H)
267440
해외지수/해외지수
61
12,210
250
0.12
-1.17
-3.48
-2.71
11.25
11.76
23.77
21.49
0.40
케이비자산운용

TIGER 대형가치
292110
스타일/스타일
61
10,980
1,733
2.09
7.96
26.34
35.26
18.43
20.00
33.98

0.29
미래에셋자산운용

KBSTAR 차이나HSCEI(H)
250730
해외지수/해외지수
60
12,000
5,834
-0.50
-1.88
10.50
6.67
-6.29
-4.91
6.10
-7.62
0.40
케이비자산운용

KBSTAR KRX국채선물3년10년플래트너
342610
채권/국공채권
60
49,810
11
0.06
-0.13
-0.25
-0.28
-0.20
-0.32


0.15
케이비자산운용

TIGER 일본엔선물인버스2X
292590
파생상품/인버스
60
8,525
923
-0.93
0.53
8.81
11.00
-5.49
-4.75
-13.14

0.47
미래에셋자산운용

KODEX FnKorea50
296710
테마/우량주
60
9,875
395
0.66
4.66
17.21
19.55
17.00
18.09
19.05

0.45
삼성자산운용

TIGER 200동일가중
252000
시장지수/코스피200
59
10,745
298
0.23
4.02
19.39
28.15
17.75
20.00
14.22
2.57
0.25
미래에셋자산운용

TIGER 가격조정
217790
투자전략/투자전략
59
22,790
3,023
0.66
4.23
12.29
16.09
0.74
3.14
8.38
-10.47
0.29
미래에셋자산운용

ARIRANG 코스닥150
301400
시장지수/코스닥
59
14,700
10,832
-1.01
12.13
17.88
23.06
42.94
51.61
27.87

0.15
한화자산운용

KBSTAR KRX국채선물3년10년플래트너2X
342620
채권/국공채권
59
49,310
12
0.08
-0.26
-0.52
-0.63
-1.00
-1.25


0.20
케이비자산운용

KBSTAR Fn K-뉴딜디지털플러스
368200
테마/기타
59
11,730
11,601
-0.55
8.71


14.49




케이비자산운용

ARIRANG 200동일가중
295820
시장지수/코스피200
59
9,775
121
0.21
4.66
20.16
28.37
16.61
19.09
13.31

0.23
한화자산운용

ARIRANG 코스피중형주
301440
스타일/스타일
59
10,660
753
-2.07
4.77
19.44
33.00
27.92
31.30
22.26

0.25
한화자산운용

TIGER 중소형가치
292140
스타일/스타일
58
10,490
473
-0.71
5.37
19.34
29.67
29.07
32.45
26.84

0.29
미래에셋자산운용

ARIRANG 선진국MSCI(합성 H)
195970
해외지수/해외지수
57
11,175
4,201
0.09
3.76
16.10
15.68
1.54
1.87
22.53
3.47
0.50
한화자산운용

KBSTAR 200에너지화학
284990
섹터/소재
57
11,400
3,821
-1.47
2.70
29.47
37.93
43.35
45.15
35.02
17.94
0.19
케이비자산운용

TIGER 원유선물인버스(H)
217770
파생상품/인버스
57
9,425
5,115
-0.26
-10.24
-20.06
-19.72
12.34
10.11
-25.46
-16.52
0.70
미래에셋자산운용

TIGER 국채선물10년인버스
302180
파생상품/인버스
57
47,345
267
-0.39
0.73
1.89
2.64
-0.36
-0.03
-1.32

0.07
미래에셋자산운용

KOSEF 코스닥150선물
291610
시장지수/코스닥
57
9,585
1,147
-0.93
12.50
19.51
23.68
45.23
54.22
32.57

0.09
키움투자자산운용

KINDEX 필리핀MSCI(합성)
261920
해외지수/해외지수
56
14,110
1,524
0.71
2.14
16.80
8.71
-10.10
-10.18
1.73
-13.36
0.50
한국투자신탁운용

TIGER 지주회사
307520
그룹주/기타
56
11,085
809
-0.45
4.33
16.80
8.68
5.60
6.05
4.45

0.50
미래에셋자산운용

흥국 S&P코리아로우볼
215620
투자전략/투자전략
55
10,160
4,832
0.99
4.85
14.74
19.11
3.59
5.10
-0.13
-8.13
0.40
흥국자산운용

KODEX 200 중소형
226980
스타일/스타일
55
11,020
1,903
-0.77
3.82
21.50
34.97
26.04
29.10
16.79
5.04
0.30
삼성자산운용

KINDEX Fn성장소비주도주
226380
투자전략/투자전략
55
6,840
1,611
-0.36
1.71
7.97
11.86
12.81
15.85
2.75
-6.06
0.50
한국투자신탁운용

ARIRANG ESG우수기업
278420
테마/SRI
55
8,415
3,361
1.57
2.75
13.64
19.02
2.29
4.16
-0.18
-10.97
0.23
한화자산운용

KBSTAR 중소형모멘텀밸류
300290
투자전략/투자전략
54
10,885
718
-0.18
1.73
16.67
24.47
23.23
25.40
20.30

0.35
케이비자산운용

KBSTAR 우량업종
140580
테마/우량주
54
10,865
1,348
0.74
5.08
21.40
26.41
14.31
16.59
9.88
-0.35
0.40
케이비자산운용

KINDEX 인버스
145670
파생상품/인버스
54
5,440
19,275
-1.89
-7.80
-20.64
-25.73
-29.35
-30.52
-38.18
-26.04
0.15
한국투자신탁운용

KODEX 미국달러선물인버스
261270
파생상품/인버스
53
10,455
27,838
-0.81
0.82
6.30
8.51
2.90
3.46
-0.85
-5.85
0.45
삼성자산운용

KBSTAR 200고배당커버드콜ATM
290080
파생상품/구조화
53
7,590
306
-0.20
-1.56
8.43
7.05
-15.62
-15.77
-23.64

0.40
케이비자산운용

KODEX 멀티에셋하이인컴(H)
321410
해외지수/해외지수
52
10,430
770
-0.67
1.36
6.70
7.14
-2.39
-1.88


0.25
삼성자산운용

HANARO 코스닥150선물레버리지
306530
파생상품/레버리지
52
13,675
10,465
-2.04
25.52
39.54
47.44
82.58
105.18
38.76

0.45
엔에이치아문디자산운용

KBSTAR 내수주플러스
326230
섹터/경기소비재
52
10,425
5,351
0.92
6.92
13.56
22.50
8.74
10.74


0.40
케이비자산운용

ARIRANG S&P글로벌인프라
269530
해외지수/해외지수
52
10,280
901
-0.24
-1.11
7.87
1.08
-12.97
-13.40
11.21
4.62
0.30
한화자산운용

KODEX China H선물인버스(H)
291660
파생상품/인버스
51
10,200
805
0.79
1.14
-11.42
-8.27
-1.11
-3.77
-14.86

0.64
삼성자산운용

KODEX 국채선물3년인버스
292770
채권/국공채권
51
49,610
3
-0.15
-0.04
0.27
0.26
-0.76
-0.81
-0.27

0.07
삼성자산운용

KODEX MSCI EM선물(H)
291890
해외지수/해외지수
50
10,065
2,977
-0.84
2.55
18.97
22.97
10.24
11.40
29.45

0.45
삼성자산운용

KODEX WTI원유선물인버스(H)
271050
파생상품/인버스
50
13,235
28,352
0.11
-9.50
-19.27
-18.28
11.83
9.88
-25.79
-16.66
0.35
삼성자산운용

KINDEX 국채선물3년인버스
299080
채권/국공채권
50
99,155
2
-0.12
0.02
0.36
0.39
-0.61
-0.63
-0.03

0.05
한국투자신탁운용

TIGER S&P글로벌인프라(합성)
269370
해외지수/해외지수
49
9,705
552
0.31
-0.26
8.31
4.24
-13.76
-13.80
11.49
4.22
0.40
미래에셋자산운용

TIGER 은행
091220
섹터/금융
48
6,480
28,171
-0.23
-0.77
24.50
19.67
-10.08
-9.37
-10.79
-23.13
0.46
미래에셋자산운용

KBSTAR 200중공업
285010
섹터/산업재
47
8,760
2,473
-2.07
1.45
25.95
21.84
0.43
1.18
-11.57
-1.62
0.19
케이비자산운용

마이티 200커버드콜ATM레버리지
292340
파생상품/구조화
47
9,470
12
3.05
4.01
25.76
28.23
5.87
6.88
12.60

0.51
DB자산운용

KINDEX 국채선물10년인버스
299070
채권/국공채권
47
93,580
2
-0.38
0.75
1.99
2.45
0.08
0.41
-0.75

0.05
한국투자신탁운용

ARIRANG 코스닥150선물인버스
301410
파생상품/인버스
47
7,210
30,888
0.84
-11.59
-17.88
-22.22
-40.19
-43.78
-37.39

0.29
한화자산운용

KBSTAR 중소형모멘텀로우볼
300280
투자전략/투자전략
46
10,310
613
0.24
3.93
17.16
24.14
22.39
25.53
21.81

0.35
케이비자산운용

KBSTAR 200산업재
287320
섹터/산업재
46
9,140
455
-1.77
1.50
24.52
29.55
2.09
3.52
5.00
-4.06
0.19
케이비자산운용

KBSTAR 코스닥150선물인버스
275750
파생상품/인버스
45
4,810
60,900
0.73
-11.58
-18.06
-22.23
-39.65
-43.28
-36.71
-34.51
0.60
케이비자산운용

KBSTAR 차이나H선물인버스(H)
291680
파생상품/인버스
45
10,080
493
0.70
1.46
-10.99
-7.52
-0.69
-3.22
-13.88

0.59
케이비자산운용

KOSEF 200선물인버스
253240
파생상품/인버스
44
5,760
6,590
-1.71
-7.54
-20.88
-25.87
-29.63
-30.81
-38.76
-27.09
0.46
키움투자자산운용

HANARO 농업융복합산업
314700
테마/기타
44
10,985
17,924
-1.48
0.14
14.19
19.40
29.10
32.00
13.78

0.50
엔에이치아문디자산운용

KBSTAR 수출주
140570
스타일/스타일
44
10,880
827
-0.18
5.94
26.59
34.32
24.84
27.21
28.30
15.03
0.40
케이비자산운용

KOSEF 코스닥150선물인버스
291620
파생상품/인버스
44
8,240
8,572
0.73
-11.64
-18.01
-22.41
-39.81
-43.46
-36.64

0.09
키움투자자산운용

KBSTAR 200생활소비재
287330
섹터/필수소비재
43
8,645
8,317
0.88
4.98
13.53
14.66
4.67
6.01
-2.31
-12.30
0.19
케이비자산운용

KOSEF 고배당
104530
스타일/스타일
43
7,685
5,054
0.20
3.29
23.35
24.25
-4.89
-4.09
4.64
-9.35
0.40
키움투자자산운용

KODEX 미국채울트라30년선물인버스(H)
304670
파생상품/인버스
42
7,040
748
0.64
1.44
3.91
0.93
-17.61
-17.90
-28.53

0.30
삼성자산운용

KODEX 밸류Plus
244670
투자전략/투자전략
42
8,345
12,657
-0.89
4.05
19.38
22.99
12.49
15.45
-2.81
-14.73
0.30
삼성자산운용

TIGER 200 생활소비재
227560
섹터/필수소비재
41
11,385
2,737
1.11
5.61
14.25
15.41
5.20
6.45
-1.85
-12.29
0.40
미래에셋자산운용

KBSTAR 200선물인버스
252410
파생상품/인버스
40
5,745
5,612
-1.88
-7.78
-20.70
-26.01
-29.38
-30.57
-38.75
-27.14
0.60
케이비자산운용

KBSTAR 200금융
284980
섹터/금융
39
7,795
2,979
0.45
-0.13
21.99
24.03
-8.92
-8.46
-8.73
-21.61
0.19
케이비자산운용

KBSTAR 미국장기국채선물인버스(H)
267450
파생상품/인버스
39
7,720
87
0.13
1.05
2.52
1.38
-13.36
-13.74
-22.72
-21.78
0.40
케이비자산운용

KBSTAR 국채선물10년인버스
295020
파생상품/인버스
38
46,650
25
-0.32
0.83
1.93
2.71
-0.11
0.25
-0.85

0.07
케이비자산운용

KBSTAR 200철강소재
285020
섹터/소재
36
6,895
5,180
-1.01
6.65
33.49
36.40
5.13
6.55
-5.46
-27.07
0.19
케이비자산운용

TIGER 200 산업재
227550
섹터/산업재
35
5,030
3,133
-1.95
1.51
24.35
29.64
3.25
4.51
5.54
-4.08
0.40
미래에셋자산운용

KODEX 골드선물인버스(H)
280940
파생상품/인버스
35
6,990
5,616
0.00
-2.85
-1.69
-5.22
-20.57
-21.77
-32.40
-30.55
0.45
삼성자산운용

TIGER 금속선물(H)
139310
상품/금속
34
5,635
2,641
-0.88
5.82
16.07
27.20
12.03
13.04
10.93
-6.16
0.70
미래에셋자산운용

TIGER 200 철강소재
139240
섹터/소재
33
7,185
13,329
-1.37
6.13
33.30
36.05
5.52
7.13
-5.34
-26.86
0.40
미래에셋자산운용

KBSTAR 미국장기국채선물인버스2X(합성 H)
267500
파생상품/인버스
29
5,780
622
0.70
2.39
5.47
2.76
-26.18
-26.51
-41.65
-40.44
0.50
케이비자산운용

KBSTAR 팔라듐선물인버스(H)
334700
파생상품/인버스
27
5,350
2,978
0.75
0.38
-6.22
-19.00
-37.68
-38.33


0.60
케이비자산운용

ARIRANG KRX300IT
309170
시장지수/KRX300
24
17,410
1,188
0.49
9.39
27.97
33.61
41.18
46.36
79.89

0.40
한화자산운용

KBSTAR 200경기소비재
287310
섹터/경기소비재
16
10,015
869
0.86
3.94
18.87
39.29
15.39
17.11
25.66
5.76
0.19
케이비자산운용

KBSTAR 200건설
287300
섹터/산업재
11
9,565
3,656
0.16
12.27
31.21
20.69
0.37
2.06
-14.08
-0.29
0.19
케이비자산운용

마이티 200커버드콜ATM레버리지
292340
파생상품/구조화
47
9,470
12
3.05
4.01
25.76
28.23
5.87
6.88
12.60

0.51
DB자산운용

KINDEX 국채선물10년인버스
299070
채권/국공채권
47
93,580
2
-0.38
0.75
1.99
2.45
0.08
0.41
-0.75

0.05
한국투자신탁운용

ARIRANG 코스닥150선물인버스
301410
파생상품/인버스
47
7,210
30,888
0.84
-11.59
-17.88
-22.22
-40.19
-43.78
-37.39

0.29
한화자산운용

KBSTAR 중소형모멘텀로우볼
300280
투자전략/투자전략
46
10,310
613
0.24
3.93
17.16
24.14
22.39
25.53
21.81

0.35
케이비자산운용

KBSTAR 200산업재
287320
섹터/산업재
46
9,140
455
-1.77
1.50
24.52
29.55
2.09
3.52
5.00
-4.06
0.19
케이비자산운용

KBSTAR 코스닥150선물인버스
275750
파생상품/인버스
45
4,810
60,900
0.73
-11.58
-18.06
-22.23
-39.65
-43.28
-36.71
-34.51
0.60
케이비자산운용

KBSTAR 차이나H선물인버스(H)
291680
파생상품/인버스
45
10,080
493
0.70
1.46
-10.99
-7.52
-0.69
-3.22
-13.88

0.59
케이비자산운용

KOSEF 200선물인버스
253240
파생상품/인버스
44
5,760
6,590
-1.71
-7.54
-20.88
-25.87
-29.63
-30.81
-38.76
-27.09
0.46
키움투자자산운용

HANARO 농업융복합산업
314700
테마/기타
44
10,985
17,924
-1.48
0.14
14.19
19.40
29.10
32.00
13.78

0.50
엔에이치아문디자산운용

KBSTAR 수출주
140570
스타일/스타일
44
10,880
827
-0.18
5.94
26.59
34.32
24.84
27.21
28.30
15.03
0.40
케이비자산운용

KOSEF 코스닥150선물인버스
291620
파생상품/인버스
44
8,240
8,572
0.73
-11.64
-18.01
-22.41
-39.81
-43.46
-36.64

0.09
키움투자자산운용

KBSTAR 200생활소비재
287330
섹터/필수소비재
43
8,645
8,317
0.88
4.98
13.53
14.66
4.67
6.01
-2.31
-12.30
0.19
케이비자산운용
