
KODEX 200
069500
시장지수/코스피200
55,711
43,505
11,159,419
4.33
17.33
37.68
50.35
10.14
45.61
68.93
40.26
0.15
삼성자산운용

TIGER 200
102110
시장지수/코스피200
31,277
43,480
2,289,636
4.42
17.28
37.62
50.41
10.01
45.71
69.22
40.72
0.05
미래에셋자산운용

KODEX 200선물인버스2X
252670
파생상품/인버스
19,185
2,045
235,039,411
-8.91
-28.75
-49.26
-58.73
-18.53
-64.89
-74.56
-64.22
0.64
삼성자산운용

KODEX 레버리지
122630
파생상품/레버리지
18,459
28,505
62,176,775
8.53
37.04
87.04
120.12
21.01
88.77
143.95
59.33
0.64
삼성자산운용

KODEX 단기채권
153130
채권/단기자금
18,357
102,660
29,467
0.01
0.06
0.15
0.23
0.05
0.94
2.54
4.24
0.15
삼성자산운용

KODEX MSCI Korea TR
278540
시장지수/MSCI Korea Index
17,651
14,115
1,591,664
4.98
17.23
39.00
52.76
10.10
46.35
74.69
43.30
0.15
삼성자산운용

KODEX 삼성그룹
102780
그룹주/삼성
17,176
10,975
610,470
5.48
20.21
42.90
52.64
10.64
52.28
78.54
59.89
0.25
삼성자산운용

KODEX 200TR
278530
시장지수/코스피200
16,727
14,000
1,055,021
4.48
17.55
37.86
50.78
10.32
45.83
69.39
40.77
0.05
삼성자산운용

TIGER MSCI Korea TR
310970
시장지수/MSCI Korea Index
16,655
17,725
1,726,658
5.01
17.23
39.40
52.80
10.06
46.61
73.77

0.12
미래에셋자산운용

KODEX 종합채권(AA-이상)액티브
273130
채권/회사채권
15,122
110,070
15,051
0.05
-0.08
-0.56
-0.38
0.15
2.05
5.47
10.85
0.07
삼성자산운용

KBSTAR 200
148020
시장지수/코스피200
12,284
43,615
466,384
4.43
17.50
37.85
50.41
10.19
45.74
69.44
40.55
0.05
케이비자산운용

KODEX 코스닥150 레버리지
233740
파생상품/레버리지
12,191
16,730
36,228,611
-1.18
6.80
34.97
50.59
-2.73
90.76
46.95
-36.51
0.64
삼성자산운용

KODEX 인버스
114800
파생상품/인버스
11,091
3,850
51,219,584
-4.47
-15.38
-28.44
-35.19
-9.52
-37.90
-46.27
-35.13
0.64
삼성자산운용

KODEX 단기채권PLUS
214980
채권/단기자금
8,844
102,920
1,056,671
0.02
0.09
0.18
0.29
0.08
1.10
2.80
4.61
0.15
삼성자산운용

ARIRANG 200
152100
시장지수/코스피200
8,459
43,835
336,371
4.53
17.54
37.89
50.66
10.08
45.73
69.38
40.71
0.04
한화자산운용

KINDEX 200
105190
시장지수/코스피200
7,850
43,770
455,651
4.43
17.58
37.99
50.75
10.24
45.67
68.98
40.37
0.09
한국투자신탁운용

KODEX 2차전지산업
305720
테마/기타
7,633
19,320
2,791,699
5.66
33.56
64.43
89.60
23.65
135.81
125.62

0.45
삼성자산운용

KOSEF 200
069660
시장지수/코스피200
7,236
43,620
160,648
4.44
17.53
37.94
50.60
10.25
45.50
69.12
40.26
0.13
키움투자자산운용

TIGER 단기통안채
157450
채권/단기자금
6,646
100,045
12,398
0.01
0.05
0.13
0.23
0.03
0.76
2.27
3.86
0.09
미래에셋자산운용

TIGER TOP10
292150
테마/우량주
6,421
15,360
1,052,894
5.75
19.67
42.42
54.13
13.11
60.48
106.59

0.15
미래에셋자산운용

HANARO 200
293180
시장지수/코스피200
6,370
43,525
161,846
4.26
17.29
37.63
50.36
10.06
45.75
69.06

0.04
엔에이치아문디자산운용

TIGER 미국나스닥100
133690
해외지수/해외지수
6,192
63,795
155,566
2.89
5.15
2.37
10.66
1.56
35.62
94.70
99.05
0.07
미래에셋자산운용

TIGER KRX2차전지K-뉴딜
364980
테마/기타
5,732
17,115
1,201,431
3.60
33.55
66.00

23.93



0.40
미래에셋자산운용

TIGER 2차전지테마
305540
테마/기타
5,300
17,365
1,606,653
4.99
30.17
52.86
72.53
19.88
122.46
117.80

0.50
미래에셋자산운용

TIGER 200 IT
139260
섹터/IT
5,149
40,595
687,421
3.64
27.98
51.36
66.98
13.65
67.13
115.10
77.81
0.40
미래에셋자산운용

KOSEF 200TR
294400
시장지수/코스피200
4,687
50,840
13,990
4.45
17.54
37.95
50.70
10.34
45.76
69.64

0.01
키움투자자산운용

KODEX 코스닥150선물인버스
251340
파생상품/인버스
4,553
4,415
64,879,848
0.68
-3.71
-16.93
-23.75
1.49
-41.91
-40.46
-21.58
0.64
삼성자산운용

HANARO MSCI Korea TR
332940
시장지수/MSCI Korea Index
4,525
17,650
7,071
4.56
16.73
38.38
51.44
9.63
45.57


0.12
엔에이치아문디자산운용

TIGER CD금리투자KIS(합성)
357870
채권/단기자금
4,396
50,180
4,943
0.00
0.05
0.16
0.34
0.02



0.15
미래에셋자산운용

KODEX 코스피
226490
시장지수/코스피200
4,356
31,950
194,583
3.63
15.34
33.88
46.06
9.19
42.89
57.73
32.83
0.15
삼성자산운용

KODEX 코스닥 150
229200
시장지수/코스닥
4,351
15,240
9,897,814
-0.78
3.36
16.34
25.54
-1.42
48.58
35.80
-5.08
0.25
삼성자산운용

KODEX WTI원유선물(H)
261220
상품/원유
4,137
7,950
2,582,158
3.52
11.58
28.12
26.39
9.50
-60.59
-56.21
-63.57
0.35
삼성자산운용

KODEX Top5PlusTR
315930
스타일/스타일
4,020
19,635
33,314
5.39
16.74
38.71
55.28
11.98
33.12


0.15
삼성자산운용

SMART 200TR
295040
시장지수/코스피200
4,000
14,500
147,649
4.32
17.12
37.51
50.57
9.97
45.22
68.80

0.05
신한비엔피파리바자산운용

KODEX 선진국MSCI World
251350
해외지수/해외지수
3,908
16,855
99,378
2.68
5.71
8.18
12.86
3.88
10.67
41.34
35.44
0.30
삼성자산운용

KINDEX 200TR
332500
시장지수/코스피200
3,448
26,040
47,724
4.31
17.40
37.74
50.87
9.90
45.56


0.03
한국투자신탁운용

TIGER KRX BBIG K-뉴딜
364960
테마/기타
3,435
13,025
1,075,273
3.54
13.56
27.63

9.59



0.40
미래에셋자산운용

TIGER 차이나CSI300
192090
해외지수/해외지수
3,427
12,295
727,198
2.03
12.84
13.66
13.97
9.68
33.92
88.14
40.02
0.63
미래에셋자산운용

KODEX 미국FANG플러스(H)
314250
해외지수/해외지수
3,286
25,275
344,645
1.69
6.51
9.92
33.20
0.62
80.86
150.00

0.45
삼성자산운용

TIGER 코스닥150
232080
시장지수/코스닥
2,999
15,335
1,125,184
-0.78
3.44
16.57
25.39
-1.22
47.98
35.50
-5.04
0.19
미래에셋자산운용

KODEX 골드선물(H)
132030
상품/금속
2,475
12,600
359,330
-4.36
0.08
-3.71
-0.36
-2.51
14.81
33.55
26.70
0.68
삼성자산운용

KOSEF 국고채10년
148070
채권/국공채권
2,401
122,470
6,753
0.05
-0.46
-1.41
-1.72
-0.02
1.76
5.42
13.55
0.15
키움투자자산운용

KBSTAR 코스닥150선물레버리지
278240
파생상품/레버리지
2,219
16,805
131,052
-1.55
6.80
36.02
51.67
-2.97
96.43
54.03
-33.51
0.60
케이비자산운용

KINDEX 베트남VN30(합성)
245710
해외지수/해외지수
2,191
16,320
125,143
5.39
16.65
27.25
33.33
11.55
22.98
30.87
6.70
0.70
한국투자신탁운용

KODEX 은행
091170
섹터/금융
2,183
6,720
733,013
2.75
6.67
28.24
32.28
7.43
1.34
1.57
-23.49
0.30
삼성자산운용

KINDEX 중국본토CSI300
168580
해외지수/해외지수
2,133
32,870
15,712
1.86
13.82
14.29
14.13
11.20
32.59
87.40
39.93
0.70
한국투자신탁운용

TIGER 글로벌4차산업혁신기술(합성 H)
275980
해외지수/해외지수
2,132
17,735
139,336
3.50
7.98
16.56
29.83
4.35
34.61
68.66
57.64
0.40
미래에셋자산운용

HANARO 단기통안채
306540
채권/단기자금
1,966
102,900
349
0.01
0.04
0.14
0.22
0.02
0.84
2.36

0.10
엔에이치아문디자산운용

TIGER 단기채권액티브
272580
채권/단기자금
1,940
50,025
8,082
0.03
0.04
0.14
0.29
0.03
1.00
2.67
4.45
0.07
미래에셋자산운용

KBSTAR 코스피
302450
시장지수/코스피200
1,927
32,020
45,613
3.73
15.93
34.68
46.88
9.47
43.34
58.65

0.14
케이비자산운용

KBSTAR 코스닥150
270810
시장지수/코스닥
1,874
15,020
141,133
-0.69
3.41
16.39
25.17
-1.28
47.27
33.20
-6.42
0.18
케이비자산운용

ARIRANG 고배당주
161510
스타일/스타일
1,776
11,130
165,311
0.13
3.58
21.64
30.25
3.73
0.74
0.11
-12.79
0.23
한화자산운용

HANARO 200TR
332930
시장지수/코스피200
1,759
50,810
11,750
4.33
17.36
37.73
50.41
9.87
45.52


0.07
엔에이치아문디자산운용

KODEX 배당가치
325020
스타일/스타일
1,728
13,005
107,826
3.21
12.94
30.44
48.63
8.78
25.40


0.30
삼성자산운용

KODEX 자동차
091180
섹터/경기소비재
1,694
23,355
459,387
12.04
24.76
46.24
98.77
19.98
67.04
78.30
48.75
0.45
삼성자산운용

TIGER 중국소비테마
150460
해외지수/해외지수
1,679
7,965
85,027
4.60
7.78
15.27
17.39
6.63
10.21
6.84
-5.55
0.50
미래에셋자산운용

KINDEX 단기통안채
190620
채권/단기자금
1,656
100,135
1,017
0.01
0.04
0.14
0.24
0.04
0.79
2.39
4.04
0.07
한국투자신탁운용

TIGER 차이나CSI300레버리지(합성)
204480
파생상품/레버리지
1,616
35,635
3,651,456
4.12
27.68
30.82
27.13
21.23
65.86
199.96
54.63
0.59
미래에셋자산운용

TIGER 차이나전기차SOLACTIVE
371460
해외지수/해외지수
1,595
12,745
915,347
-5.52
22.73


8.89




미래에셋자산운용

KBSTAR 단기통안채
196230
채권/단기자금
1,518
104,240
637,670
0.01
0.08
0.18
0.29
0.06
1.10
2.70
4.41
0.13
케이비자산운용

TIGER 미국S&P500선물(H)
143850
해외지수/해외지수
1,419
44,430
61,421
1.31
3.84
8.58
20.67
2.11
15.21
46.68
35.21
0.30
미래에셋자산운용

ARIRANG 코스피TR
328370
시장지수/코스피200
1,418
15,690
41,591
3.91
15.84
34.05
46.16
9.11
42.25


0.15
한화자산운용

KODEX 은선물(H)
144600
상품/금속
1,406
5,250
1,111,656
-7.49
5.00
3.14
27.27
-4.37
34.62
47.68
31.25
0.68
삼성자산운용

TIGER 경기방어
139280
섹터/경기소비재
1,358
13,235
49,332
-0.86
3.04
17.28
15.29
0.76
27.79
17.99
-3.14
0.40
미래에셋자산운용

TIGER 헬스케어
143860
섹터/의료
1,347
52,355
140,645
-3.06
-1.84
17.57
21.81
-3.48
84.84
51.63
11.38
0.40
미래에셋자산운용

TIGER 200선물레버리지
267770
파생상품/레버리지
1,288
21,400
3,293,961
8.74
37.05
86.98
119.83
20.97
88.63
143.18
59.11
0.09
미래에셋자산운용

KODEX Fn성장
325010
스타일/스타일
1,280
19,130
36,241
3.27
13.94
34.58
41.65
8.02
58.32


0.30
삼성자산운용

TIGER 미국S&P500
360750
해외지수/해외지수
1,245
10,585
374,624
2.27
4.59
4.09

3.17



0.07
미래에셋자산운용

TIGER 코스닥150 레버리지
233160
파생상품/레버리지
1,199
17,740
1,407,746
-1.61
6.23
34.65
50.72
-3.17
92.72
48.45
-34.90
0.32
미래에셋자산운용

KODEX 단기변동금리부채권액티브
273140
채권/단기자금
1,168
102,370
353
0.03
0.06
0.15
0.19
0.06
0.69
2.23
3.89
0.15
삼성자산운용

KINDEX 삼성그룹섹터가중
108450
그룹주/삼성
1,161
17,525
34,098
4.66
18.89
43.41
53.59
9.81
58.64
89.28
76.08
0.15
한국투자신탁운용

KODEX 국채선물10년인버스
176950
파생상품/인버스
1,133
46,275
242
-0.08
0.49
1.69
2.27
0.01
-0.64
-1.01
-5.87
0.07
삼성자산운용

KODEX 반도체
091160
섹터/IT
1,116
35,340
142,858
0.33
17.19
31.55
35.25
5.15
30.95
107.43
37.45
0.45
삼성자산운용

KBSTAR 대형고배당10TR
315960
스타일/스타일
1,103
17,090
25,539
5.20
16.66
42.54
64.17
12.58
39.68


0.15
케이비자산운용

TIGER 원유선물Enhanced(H)
130680
상품/원유
1,095
2,390
1,376,132
4.14
12.21
22.88
21.94
9.63
-41.35
-37.60
-48.16
0.70
미래에셋자산운용

KINDEX 미국S&P500
360200
해외지수/해외지수
1,077
10,705
194,884
2.34
4.44
4.03

3.08



0.07
한국투자신탁운용

KODEX 미국S&P500선물(H)
219480
해외지수/해외지수
1,066
18,270
77,317
1.27
3.75
8.62
20.75
2.15
16.26
48.42
37.27
0.25
삼성자산운용

TIGER 200선물인버스2X
252710
파생상품/인버스
1,063
2,120
5,560,554
-8.82
-28.50
-49.10
-58.51
-18.46
-64.22
-74.04
-63.39
0.09
미래에셋자산운용

KODEX MSCI Korea
156080
시장지수/MSCI Korea Index
1,050
20,960
1,441
4.88
16.93
38.76
52.44
10.29
45.89
74.48
43.29
0.15
삼성자산운용

KINDEX 미국나스닥100
367380
해외지수/해외지수
1,041
10,955
484,966
2.86
5.13


1.44



0.07
한국투자신탁운용

KBSTAR ESG사회책임투자
290130
테마/SRI
1,007
14,050
751,638
4.89
17.28
37.75
51.81
11.11
47.80
72.29

0.30
케이비자산운용

KODEX 국고채3년
114260
채권/국공채권
941
58,110
11,980
0.00
0.09
-0.05
0.11
0.09
1.94
4.27
7.76
0.15
삼성자산운용

TIGER 미국S&P500레버리지(합성 H)
225040
파생상품/레버리지
933
25,340
23,177
2.55
7.90
17.07
42.68
3.83
20.70
89.74
52.97
0.59
미래에셋자산운용

KODEX KRX300
292190
시장지수/KRX300
925
20,115
43,752
4.22
16.37
36.05
48.89
9.32
46.70
67.00

0.05
삼성자산운용

TIGER 중장기국채
302190
채권/국공채권
897
52,735
2,799
-0.05
-0.38
-0.96
-1.18
-0.11
1.72
4.41

0.15
미래에셋자산운용

KODEX 중국본토CSI300
283580
해외지수/해외지수
869
14,840
82,437
1.85
13.24
14.15
14.42
10.05
35.40
89.29
40.80
0.55
삼성자산운용

TIGER 유로스탁스50(합성 H)
195930
해외지수/해외지수
851
12,155
35,947
-0.57
3.01
10.10
9.31
-0.12
-4.93
20.17
2.57
0.25
미래에셋자산운용

KBSTAR Fn수소경제테마
367770
테마/기타
757
13,285
532,721
7.09
18.62


14.92



0.45
케이비자산운용

TIGER 차이나HSCEI
245360
해외지수/해외지수
747
12,955
13,539
5.54
8.34
8.30
-1.10
7.29
-2.37
13.90
2.77
0.35
미래에셋자산운용

SMART KRX300
292500
시장지수/KRX300
743
20,045
11,504
4.32
16.27
36.20
49.30
9.81
46.35
66.58

0.05
신한비엔피파리바자산운용

KBSTAR Fn5G테크
367760
섹터/IT
743
12,880
484,781
3.33
12.88


4.21



0.45
케이비자산운용

KODEX 심천ChiNext(합성)
256750
해외지수/해외지수
722
13,120
121,808
0.38
16.62
10.86
4.33
9.88
57.98
139.63
64.31
0.47
삼성자산운용

KBSTAR 단기국공채액티브
272560
채권/국공채권
719
101,755
1,427
0.02
0.12
0.26
0.42
0.11
1.62
3.60
5.71
0.07
케이비자산운용

KODEX 증권
102970
섹터/금융
718
8,255
357,992
1.16
11.63
34.01
58.29
10.73
30.41
45.21
12.18
0.45
삼성자산운용

TIGER KRX바이오K-뉴딜
364970
섹터/의료
713
12,505
354,390
-1.50
-1.96
21.29

-3.81



0.40
미래에셋자산운용

ARIRANG 신흥국MSCI(합성 H)
195980
해외지수/해외지수
689
13,100
36,710
3.07
8.26
19.63
25.78
6.68
13.42
31.99
9.03
0.50
한화자산운용

KODEX 미국달러선물
261240
통화/미국달러
677
9,730
122,876
1.04
0.72
-4.00
-8.64
1.14
-4.04
0.88
8.47
0.25
삼성자산운용

TIGER 200TR
310960
시장지수/코스피200
663
22,765
14,052
4.28
17.41
37.89
50.31
10.00
45.42
69.07

0.09
미래에셋자산운용

TIGER 코스피
277630
시장지수/코스피200
657
31,965
30,565
3.66
15.67
34.22
46.47
9.71
42.82
57.80
33.62
0.15
미래에셋자산운용

KBSTAR 미국S&P원유생산기업(합성 H)
219390
해외지수/해외지수
646
3,050
669,362
6.64
9.71
51.36
38.64
17.53
-28.99
-47.64
-59.89
0.25
케이비자산운용

KBSTAR 금융채액티브
336160
채권/회사채권
640
103,340
978
0.06
0.22
0.47
0.86
0.17
2.64


0.07
케이비자산운용

TIGER 미국MSCI리츠(합성 H)
182480
해외지수/해외지수
635
12,070
18,733
0.42
-2.74
5.12
12.75
-1.03
-11.05
6.22
8.80
0.25
미래에셋자산운용

TIGER 국채3년
114820
채권/국공채권
634
111,165
4,836
-0.02
0.03
-0.08
0.10
0.06
1.95
4.32
7.88
0.15
미래에셋자산운용

TIGER 부동산인프라고배당
329200
기타/기타
626
4,980
79,496
-0.20
2.68
9.28
14.10
0.40
2.01


0.29
미래에셋자산운용

TIGER 반도체
091230
섹터/IT
617
36,310
71,540
0.62
17.13
31.27
35.69
5.55
31.49
109.30
38.53
0.46
미래에셋자산운용

TIGER MSCI KOREA ESG유니버설
289250
시장지수/MSCI Korea Index
600
13,205
2,764
4.39
17.48
39.66
53.35
9.68
45.43
74.46

0.40
미래에셋자산운용

TIGER MSCI KOREA ESG리더스
289260
시장지수/MSCI Korea Index
597
12,200
2,804
2.52
17.25
36.39
44.64
11.57
44.48
64.78

0.40
미래에셋자산운용

HANARO 200선물레버리지
304780
파생상품/레버리지
593
31,130
15,232
8.79
37.32
88.38
121.64
21.13
90.57
146.38

0.45
엔에이치아문디자산운용

KODEX 코스피대형주
337140
스타일/스타일
568
15,340
34,088
4.60
17.14
37.03
48.93
10.40
44.85


0.15
삼성자산운용

TIGER 200IT레버리지
243880
파생상품/레버리지
565
75,025
26,712
7.28
62.13
126.80
171.14
28.80
143.83
281.61
140.43
0.69
미래에셋자산운용

TIGER 소프트웨어
157490
섹터/IT
548
15,940
115,648
6.02
12.69
15.55
12.89
9.03
68.86
118.45
80.91
0.40
미래에셋자산운용

KBSTAR 중기우량회사채
136340
채권/회사채권
547
105,280
2,430
0.10
0.27
0.71
1.28
0.22
2.40
5.31
9.06
0.15
케이비자산운용

KBSTAR 국고채3년선물인버스
282000
파생상품/인버스
527
99,480
17
0.00
0.03
0.24
0.23
-0.06
-0.81
0.00
-0.79
0.07
케이비자산운용

TIGER 인버스
123310
파생상품/인버스
521
4,245
415,149
-4.18
-15.18
-28.17
-34.94
-9.49
-37.06
-45.40
-33.93
0.09
미래에셋자산운용

TIGER KRX인터넷K-뉴딜
365000
섹터/IT
516
11,310
257,271
7.36
13.44
10.29

8.75



0.40
미래에셋자산운용

TIGER 현대차그룹+펀더멘털
138540
그룹주/현대차
508
26,490
83,705
9.96
21.96
46.43
100.38
20.44
62.18
67.75
55.42
0.15
미래에셋자산운용

KODEX 차이나항셍테크
372330
해외지수/해외지수
508
10,900
724,637
6.97



8.30




삼성자산운용

TIGER 농산물선물Enhanced(H)
137610
상품/농산물
496
5,650
91,100
3.29
16.02
24.04
40.02
9.28
20.09
13.45
7.52
0.70
미래에셋자산운용

KBSTAR KRX300
292050
시장지수/KRX300
477
20,320
16,205
4.50
16.41
36.15
49.14
9.69
46.41
67.35

0.05
케이비자산운용

KOSEF 단기자금
130730
채권/단기자금
467
100,875
640,749
0.02
0.08
0.16
0.27
0.05
1.05
2.71
4.48
0.15
키움투자자산운용

KOSEF 통안채1년
122260
채권/국공채권
465
101,070
674,085
0.01
0.09
0.21
0.32
0.09
1.47
3.32
5.39
0.15
키움투자자산운용

TIGER 차이나항셍테크
371160
해외지수/해외지수
459
10,890
501,336
6.92



8.14




미래에셋자산운용

KBSTAR 미국나스닥100
368590
해외지수/해외지수
456
10,605
336,008
2.86
5.10


1.48



0.07
케이비자산운용

TIGER 미디어컨텐츠
228810
섹터/경기소비재
441
6,470
184,511
6.85
13.31
10.03
20.37
8.38
9.72
-5.55
0.23
0.50
미래에셋자산운용

KODEX 코스피TR
359210
시장지수/코스피200
437
14,550
43,315
3.78
15.71
34.47

9.65



0.07
삼성자산운용

TIGER 미국채10년선물
305080
해외지수/해외지수
436
11,465
36,251
0.61
-0.26
-6.14
-10.64
0.00
1.64
10.88

0.29
미래에셋자산운용

TIGER 미국다우존스30
245340
해외지수/해외지수
429
17,180
24,550
1.42
3.85
4.07
9.85
3.40
3.98
32.02
31.21
0.35
미래에셋자산운용

KODEX IT
266370
섹터/IT
425
22,305
46,388
4.30
22.42
44.46
56.03
11.94
55.80
108.65
80.58
0.45
삼성자산운용

KBSTAR 중장기국공채액티브
272570
채권/국공채권
415
104,175
951
0.15
0.19
-0.01
0.31
0.24
2.94
5.91
11.39
0.07
케이비자산운용

KBSTAR 국고채3년
114100
채권/국공채권
408
113,480
2,665
0.07
0.11
0.04
0.21
0.09
2.27
4.79
8.46
0.12
케이비자산운용

KINDEX KIS종합채권(AA-이상)액티브
356540
채권/회사채권
398
99,550
22
0.06
0.00
-0.52

0.16



0.07
한국투자신탁운용

KOSEF 코스닥150
316670
시장지수/코스닥
391
7,605
14,993
-0.13
3.68
16.69
25.49
-0.98
48.51


0.15
키움투자자산운용

KBSTAR IT플러스
326240
섹터/IT
391
21,695
227,255
5.73
19.33
34.84
43.20
10.18
66.12


0.40
케이비자산운용

HANARO 코스닥150
304770
시장지수/코스닥
386
15,105
30,348
-0.69
3.28
16.28
25.25
-1.44
48.47
33.80

0.20
엔에이치아문디자산운용

KBSTAR 중국본토대형주CSI100
174360
해외지수/해외지수
376
23,060
85,970
1.54
13.01
14.90
16.14
10.12
31.28
80.86
39.46
0.65
케이비자산운용

KODEX 건설
117700
섹터/산업재
375
3,180
368,766
1.92
11.58
39.78
35.32
11.19
23.35
1.34
7.43
0.45
삼성자산운용

TIGER KRX게임K-뉴딜
364990
섹터/IT
374
11,135
207,066
2.06
4.46
12.02

1.41



0.40
미래에셋자산운용

TIGER 미국달러단기채권액티브
329750
채권/단기자금
372
9,415
54,285
1.18
0.70
-4.22
-8.77
1.18
-4.51


0.30
미래에셋자산운용

KODEX 중국본토 A50
169950
해외지수/해외지수
371
24,315
18,437
1.08
12.47
15.26
14.99
9.04
29.13
80.11
39.86
0.99
삼성자산운용

KODEX 미디어&엔터테인먼트
266360
섹터/IT
370
20,535
24,783
4.77
9.70
9.20
9.55
5.80
62.14
93.56
55.62
0.45
삼성자산운용

KODEX 장기종합채권(AA-이상)액티브KAP
363570
채권/회사채권
370
98,710
321
0.15
-0.09
-1.27

0.20



0.07
삼성자산운용

KBSTAR 200선물레버리지
252400
파생상품/레버리지
365
26,000
72,301
8.88
37.20
87.52
121.56
21.10
90.90
146.10
60.25
0.60
케이비자산운용

KODEX 미국달러선물레버리지
261250
파생상품/레버리지
361
8,765
119,595
2.10
1.39
-7.88
-16.72
2.34
-9.36
-1.85
11.30
0.45
삼성자산운용

TIGER 200 에너지화학
139250
섹터/소재
356
21,215
69,469
1.75
23.99
45.61
72.90
18.78
83.01
68.94
36.94
0.40
미래에셋자산운용

KODEX China H
099140
해외지수/해외지수
350
21,900
9,706
4.96
7.83
7.80
-1.79
6.96
-3.72
13.85
2.00
0.37
삼성자산운용

KODEX China H 레버리지(H)
204450
파생상품/레버리지
344
7,635
44,925
8.37
14.04
26.30
12.36
10.49
-9.59
8.84
-29.31
0.64
삼성자산운용

KODEX MSCI KOREA ESG유니버설
289040
시장지수/MSCI Korea Index
339
13,010
5,567
3.91
16.84
37.74
49.54
9.88
43.38
68.46

0.30
삼성자산운용

KOSEF 국고채3년
114470
채권/국공채권
339
112,865
633
0.03
0.08
-0.06
0.16
0.05
2.14
4.63
8.25
0.15
키움투자자산운용

TIGER 차이나바이오테크SOLACTIVE
371470
해외지수/해외지수
335
11,905
232,394
4.16
20.50


6.06




미래에셋자산운용

KODEX 미국나스닥100선물(H)
304940
해외지수/해외지수
330
16,490
46,194
1.82
4.40
6.35
20.67
0.55
41.12
93.66

0.45
삼성자산운용

KINDEX 코스닥150
354500
시장지수/코스닥
321
15,215
19,062
-0.62
3.54
16.28
24.71
-1.20



0.10
한국투자신탁운용

TIGER KRX300
292160
시장지수/KRX300
321
20,045
24,047
4.18
16.14
35.99
49.51
9.21
45.86
66.51

0.09
미래에셋자산운용

KODEX 200가치저변동
223190
스타일/스타일
310
11,045
55,360
3.08
13.11
32.75
45.71
7.13
30.29
45.35
22.87
0.30
삼성자산운용

HANARO Fn K-뉴딜디지털플러스
368190
테마/기타
306
13,305
727,264
3.34
13.04


9.19



0.45
엔에이치아문디자산운용

KODEX Fn멀티팩터
337120
투자전략/투자전략
300
15,000
38,717
3.81
16.05
34.17
46.41
9.45
42.36


0.30
삼성자산운용

TIGER 미국나스닥바이오
203780
해외지수/해외지수
300
20,080
25,792
3.67
6.02
4.75
3.64
4.42
25.05
41.12
44.27
0.30
미래에셋자산운용

KODEX 고배당
279530
스타일/스타일
291
8,775
56,290
-0.28
3.42
15.16
29.23
1.39
11.75
10.32
-5.64
0.30
삼성자산운용

파워 200
152870
시장지수/코스피200
289
44,355
7,611
4.27
17.40
37.94
50.60
9.98
46.10
69.26
40.36
0.15
교보악사자산운용

KBSTAR 200TR
361580
시장지수/코스피200
285
21,890
7,187
4.49
17.50
37.98

12.98



0.05
케이비자산운용

TREX 200
108590
시장지수/코스피200
285
43,730
3,970
4.37
17.13
37.34
48.89
9.75
45.63
68.78
40.02
0.33
유리자산운용

KOSEF 200선물레버리지
253250
파생상품/레버리지
283
25,610
26,802
8.79
37.39
86.93
121.06
20.83
87.76
142.06
57.65
0.46
키움투자자산운용

KINDEX 골드선물 레버리지(합성 H)
225130
파생상품/레버리지
282
18,430
41,621
-8.78
-0.16
-8.51
-3.68
-5.27
24.48
63.46
45.29
0.49
한국투자신탁운용

KOSEF 미국달러선물
138230
통화/미국달러
279
11,565
14,512
1.00
0.65
-4.30
-8.96
1.09
-4.45
0.22
7.60
0.37
키움투자자산운용

KBSTAR 글로벌4차산업IT(합성 H)
276650
해외지수/해외지수
279
19,970
24,809
2.41
4.77
9.79
22.93
0.60
29.01
89.02
74.41
0.40
케이비자산운용

ARIRANG 미국S&P500(H)
269540
해외지수/해외지수
278
15,515
17,390
1.37
4.02
8.38
20.97
2.07
12.75
45.20
34.85
0.30
한화자산운용

TIGER 차이나CSI300인버스(합성)
217780
파생상품/인버스
276
7,460
19,796
-2.29
-13.31
-12.85
-13.96
-10.34
-27.71
-50.32
-36.54
0.59
미래에셋자산운용

KBSTAR 200선물인버스2X
252420
파생상품/인버스
272
2,050
693,827
-8.89
-28.57
-49.13
-58.63
-18.49
-64.93
-74.58
-64.32
0.60
케이비자산운용

KODEX 바이오
244580
섹터/의료
271
16,815
74,492
-4.00
1.94
19.72
39.78
-1.55
88.09
62.61
29.74
0.45
삼성자산운용

TIGER 레버리지
123320
파생상품/레버리지
270
26,900
887,302
8.73
37.17
87.46
121.76
20.76
91.25
148.96
63.72
0.09
미래에셋자산운용

SMART KIS단기통안채
363510
채권/단기자금
267
100,155
336
0.02
0.06
0.12

0.04



0.13
신한비엔피파리바자산운용

TIGER 코스닥150선물인버스
250780
파생상품/인버스
264
4,510
1,309,592
0.78
-3.63
-16.79
-23.23
1.23
-41.66
-40.11
-20.88
0.32
미래에셋자산운용

KINDEX 중장기국공채액티브
272910
채권/국공채권
263
102,400
91
0.03
-0.06
-0.35
-0.28
0.03
2.25
5.24
10.26
0.08
한국투자신탁운용

KOSEF 인도Nifty50(합성)
200250
해외지수/해외지수
261
15,040
26,862
3.87
9.46
18.05
27.51
5.84
6.93
23.99
16.41
0.49
키움투자자산운용

ARIRANG 코스피
227830
시장지수/코스피200
259
32,325
17,709
3.82
15.67
34.27
46.81
10.06
42.40
58.18
33.03
0.20
한화자산운용

ARIRANG 미국장기우량회사채
332620
채권/회사채권
255
98,220
1,015
1.36
-1.52
-4.40
-11.45
-1.78
3.49


0.32
한화자산운용

KODEX 미국S&P고배당커버드콜(합성 H)
276970
파생상품/구조화
254
9,790
28,033
0.31
2.56
9.70
21.80
2.67
6.39
19.95
14.80
0.30
삼성자산운용

KODEX 배당성장
211900
스타일/스타일
253
14,820
22,335
1.75
12.10
21.77
41.14
7.74
31.86
33.15
8.29
0.15
삼성자산운용

TIGER 200 헬스케어
227540
섹터/의료
250
31,200
22,183
-3.24
0.71
17.58
18.77
-0.95
68.86
52.05
17.39
0.40
미래에셋자산운용

TIGER 글로벌클라우드컴퓨팅INDXX
371450
해외지수/해외지수
244
10,750
192,811
4.32
4.93


-1.42




미래에셋자산운용

ARIRANG 단기채권액티브
278620
채권/단기자금
234
105,840
770
0.01
0.10
0.19
0.32
0.09
1.32
3.17
5.58
0.13
한화자산운용

TIGER 200 금융
139270
섹터/금융
234
6,660
45,580
1.52
6.65
26.84
36.02
6.73
2.40
3.30
-21.67
0.40
미래에셋자산운용

KODEX 미국러셀2000(H)
280930
해외지수/해외지수
234
13,875
29,470
2.66
10.78
29.73
50.49
8.31
26.60
44.91
29.31
0.45
삼성자산운용

KODEX 한국대만IT프리미어
298770
기타/기타
234
19,515
45,670
5.60
17.38
32.76
42.55
12.84
55.44
128.91

0.55
삼성자산운용

KBSTAR KQ고배당
270800
스타일/스타일
229
15,265
62,182
-0.23
7.84
20.48
31.20
-0.42
39.94
51.18
16.22
0.30
케이비자산운용

KODEX TRF3070
329650
기타/기타
228
10,870
11,495
0.88
1.64
1.68
3.62
1.68
5.28


0.24
삼성자산운용

KODEX KRX300레버리지
306950
파생상품/레버리지
224
22,475
13,195
8.39
35.23
82.80
116.31
19.55
95.60
143.63

0.64
삼성자산운용

FOCUS KRX300
292730
시장지수/KRX300
222
20,255
643
4.43
16.07
35.99
49.59
9.49
46.35
66.68

0.10
브이아이자산운용

TIGER 인도니프티50레버리지(합성)
236350
파생상품/레버리지
218
16,800
28,959
7.62
17.94
37.20
57.01
11.15
-2.67
26.74
9.55
0.59
미래에셋자산운용

TIGER 골드선물(H)
319640
상품/금속
216
13,420
25,406
-4.18
0.22
-3.59
-0.33
-2.26
15.14


0.39
미래에셋자산운용

ARIRANG 미국단기우량회사채
332610
채권/회사채권
214
93,200
310
0.80
0.86
-4.00
-8.78
0.80
-2.74


0.32
한화자산운용

KODEX 배당성장채권혼합
237370
기타/기타
212
11,745
7,444
0.26
3.89
6.19
11.38
2.26
11.54
13.25
9.13
0.19
삼성자산운용

FOCUS ESG리더스
285690
테마/SRI
211
10,800
859
2.66
14.29
32.19
47.04
10.09
32.00
28.85
9.99
0.10
브이아이자산운용

KODEX MSCI밸류
275290
시장지수/MSCI Korea Index
209
13,015
23,512
3.17
14.62
33.69
55.77
9.09
41.02
58.37
33.64
0.30
삼성자산운용

KODEX 헬스케어
266420
섹터/의료
207
22,850
36,280
-3.26
-1.89
17.33
21.54
-3.75
83.46
50.53
9.26
0.45
삼성자산운용

TIGER 여행레저
228800
섹터/경기소비재
207
4,670
214,841
6.50
5.90
18.98
20.05
8.48
2.93
-0.79
9.91
0.50
미래에셋자산운용

KODEX 에너지화학
117460
섹터/소재
206
19,620
34,355
1.66
22.55
42.69
78.04
16.03
94.08
80.20
44.14
0.45
삼성자산운용

KODEX 미국채울트라30년선물(H)
304660
해외지수/해외지수
206
12,825
15,221
-0.39
-3.75
-5.63
-8.23
-3.28
10.85
26.29

0.30
삼성자산운용

ARIRANG 코스피50
122090
시장지수/코스피50
204
30,815
9,450
4.74
17.75
38.99
51.02
10.69
48.71
79.15
46.63
0.33
한화자산운용

KODEX 200exTOP
337150
시장지수/코스피200
200
14,340
176
3.58
14.54
32.29
42.83
11.68
41.34


0.30
삼성자산운용

KBSTAR 게임테마
300640
테마/기타
200
13,810
32,102
2.33
6.31
11.01
9.69
3.95
52.34
60.73

0.30
케이비자산운용

KINDEX 중국본토CSI300레버리지(합성)
219900
파생상품/레버리지
199
6,210
50,432
3.76
26.86
29.51
25.20
19.88
60.67
191.55
47.68
0.50
한국투자신탁운용

TIGER KIS부동산인프라채권TR
341850
기타/기타
199
5,170
18,738
-1.34
-0.10
0.26
0.46
-1.43



0.22
미래에셋자산운용

HANARO 고배당
322410
스타일/스타일
198
9,160
40,185
-0.87
2.63
18.41
27.42
2.63
4.46


0.25
엔에이치아문디자산운용

TIGER 화장품
228790
섹터/경기소비재
197
3,635
185,554
4.01
4.01
4.15
9.00
3.86
2.60
5.61
-24.54
0.50
미래에셋자산운용

ARIRANG 고배당저변동50
251590
투자전략/투자전략
196
10,295
8,444
-0.15
6.13
17.66
28.05
3.26
11.01
6.55
-5.97
0.23
한화자산운용

KOSEF 미국달러선물인버스2X
230480
파생상품/인버스
195
9,150
9,305
-2.19
-1.88
8.35
18.83
-2.61
5.84
-4.64
-18.01
0.64
키움투자자산운용

KINDEX 국고채3년
114460
채권/국공채권
193
107,210
542
-0.04
0.02
-0.11
0.13
0.03
1.95
4.33
7.91
0.15
한국투자신탁운용

KOSEF 미국달러선물레버리지
225800
파생상품/레버리지
192
8,355
23,507
2.33
1.33
-8.49
-17.28
2.52
-9.72
-3.24
7.95
0.64
키움투자자산운용

TIGER 200 건설
139220
섹터/산업재
188
2,725
268,988
2.06
12.60
43.80
37.63
11.45
20.74
-3.33
2.17
0.40
미래에셋자산운용

ARIRANG 미국나스닥기술주
287180
해외지수/해외지수
180
20,040
13,278
5.28
7.51
8.82
14.81
4.65
28.96
98.02
95.61
0.50
한화자산운용

HANARO Fn5G산업
367740
섹터/IT
180
12,825
84,776
3.05
15.18


8.14



0.45
엔에이치아문디자산운용

HANARO KRX300
304760
시장지수/KRX300
179
19,805
3,163
3.69
15.31
34.92
47.71
8.91
45.93
65.70

0.05
엔에이치아문디자산운용

KODEX 국채선물10년
152380
채권/국공채권
178
70,820
7,272
0.03
-0.58
-1.68
-2.20
-0.13
0.93
3.35
11.13
0.25
삼성자산운용

HANARO 200선물인버스
306520
파생상품/인버스
176
8,835
67,403
-4.43
-15.49
-28.20
-35.01
-9.57
-37.54
-46.00

0.45
엔에이치아문디자산운용

KODEX 필수소비재
266410
섹터/필수소비재
176
9,790
18,187
2.03
4.87
10.43
14.77
2.94
8.25
9.29
-11.11
0.45
삼성자산운용

KINDEX 스마트밸류
272230
투자전략/투자전략
176
15,980
15,280
4.00
17.03
36.58
50.54
10.09
42.01
64.08
35.93
0.19
한국투자신탁운용

KODEX 미국S&P에너지(합성)
218420
해외지수/해외지수
175
5,610
56,999
8.30
7.37
34.05
10.54
14.96
-29.57
-28.94
-39.68
0.25
삼성자산운용

KODEX 200롱코스닥150숏선물
360140
기타/기타
174
11,700
6,113
6.12
14.71
16.82

12.83



0.64
삼성자산운용

KODEX Fn K-뉴딜디지털플러스
368680
테마/기타
173
13,330
15,968
3.21
13.16


9.17



0.09
삼성자산운용

TIGER LG그룹+펀더멘털
138530
그룹주/LG
171
11,640
39,965
1.35
24.36
39.48
58.69
11.07
69.38
59.58
31.76
0.15
미래에셋자산운용

KODEX 구리선물(H)
138910
상품/금속
168
6,715
40,706
-1.76
1.97
17.50
20.88
0.60
20.13
28.39
0.22
0.68
삼성자산운용

KINDEX 밸류대형
143460
투자전략/투자전략
165
10,310
23,979
4.72
18.85
40.65
61.22
11.94
40.87
58.37
34.93
0.15
한국투자신탁운용

TIGER AI코리아그로스액티브
365040
시장지수/코스피200
165
13,735
171,771
4.05
16.69
33.67

9.97



0.40
미래에셋자산운용

TIGER 삼성그룹펀더멘털
138520
그룹주/삼성
163
13,510
15,771
5.01
19.66
43.42
53.16
10.15
39.91
64.62
50.51
0.15
미래에셋자산운용

TIGER 코스피고배당
210780
스타일/스타일
163
12,340
10,292
1.77
6.75
24.20
36.93
5.25
12.76
14.41
-0.93
0.29
미래에셋자산운용

파워 코스피100
140950
시장지수/코스피100
163
33,710
898
3.98
17.07
37.71
49.89
10.09
44.28
70.10
41.99
0.16
교보악사자산운용

ARIRANG KRX300
292750
시장지수/KRX300
161
20,190
4,478
4.37
16.40
36.05
48.89
9.55
46.78
67.29

0.09
한화자산운용

HANARO e커머스
322400
테마/기타
161
16,110
77,305
4.75
11.14
13.65
23.07
9.55
48.12


0.45
엔에이치아문디자산운용

KOSEF 코스피100
153270
시장지수/코스피100
161
33,470
5,715
4.82
17.56
37.72
49.85
10.64
44.80
70.96
41.11
0.20
키움자산운용

KTOP 코스피50
168300
시장지수/코스피50
160
31,205
800
4.14
17.42
38.41
51.11
10.38
47.67
78.26
46.21
0.30
하나유비에스자산운용

TIGER 단기선진하이일드(합성 H)
182490
해외지수/해외지수
158
12,115
2,505
-0.16
0.66
3.55
7.64
0.12
1.04
7.40
8.61
0.25
미래에셋자산운용

KINDEX 인도네시아MSCI(합성)
256440
해외지수/해외지수
157
9,260
27,833
4.04
6.87
23.30
13.41
6.31
-12.52
-6.93
-11.05
0.70
한국투자신탁운용

TIGER 유로스탁스레버리지(합성 H)
225050
파생상품/레버리지
157
7,810
27,874
-0.38
6.69
19.51
15.88
1.23
-19.98
20.15
-15.70
0.59
미래에셋자산운용

KINDEX 미국WideMoat가치주
309230
해외지수/해외지수
156
14,335
16,832
3.17
5.29
9.47
13.54
5.64
10.52
48.70

0.40
한국투자신탁운용

KBSTAR 채권혼합
183700
기타/기타
156
64,930
255
1.30
5.18
10.56
13.79
3.19
14.81
22.10
18.34
0.20
케이비자산운용

TIGER 200커뮤니케이션서비스
315270
시장지수/코스피200
156
27,645
3,751
2.46
9.01
10.89
10.98
6.02
51.55


0.40
미래에셋자산운용

TIGER 200에너지화학레버리지
243890
파생상품/레버리지
155
23,965
40,773
4.54
52.84
111.15
183.78
41.80
180.29
127.05
39.09
0.69
미래에셋자산운용

TIGER S&P글로벌헬스케어(합성)
248270
해외지수/해외지수
155
15,575
4,311
2.00
5.09
3.83
1.83
4.60
8.54
35.79
44.01
0.40
미래에셋자산운용

KBSTAR KRX300레버리지
307010
파생상품/레버리지
155
22,260
1,628
9.12
34.42
83.29
115.07
19.81
93.31
140.52

0.55
케이비자산운용

KODEX 최소변동성
279540
투자전략/투자전략
155
12,915
11,278
2.26
11.19
18.98
26.74
5.69
38.35
48.19
28.20
0.30
삼성자산운용

KODEX 3대농산물선물(H)
271060
상품/농산물
154
10,105
30,662
4.01
17.64
26.39
43.64
10.62
23.68
20.23
13.03
0.55
삼성자산운용

ARIRANG 200선물인버스2X
253160
파생상품/인버스
153
4,085
198,417
-8.92
-28.65
-49.19
-58.78
-18.63
-65.09
-74.67
-64.29
0.06
한화자산운용

KODEX 200IT TR
363580
섹터/IT
152
15,240
5,362
3.99
28.45
52.40

13.94



0.15
삼성자산운용

KODEX 코스피100
237350
시장지수/코스피100
152
33,830
8,613
4.67
17.34
37.49
49.36
10.81
44.65
71.38
41.21
0.15
삼성자산운용

KINDEX 미국IT인터넷S&P(합성 H)
280320
해외지수/해외지수
151
18,775
3,234
2.99
2.20
6.46
18.87
0.21
42.94
63.47
72.80
0.50
한국투자신탁운용

KOSEF Fn중소형
331910
스타일/스타일
150
21,385
990
1.21
10.92
18.37
32.93
7.22
30.96


0.30
키움투자자산운용

TIGER 200 중공업
139230
섹터/산업재
149
3,040
219,757
-1.94
5.01
30.75
37.25
5.92
8.80
-6.78
-3.86
0.40
미래에셋자산운용

KODEX 200미국채혼합
284430
기타/기타
147
13,185
11,687
2.01
6.89
10.15
10.71
4.39
19.54
33.86
29.07
0.35
삼성자산운용

KODEX 글로벌4차산업로보틱스(합성)
276990
해외지수/해외지수
146
17,240
12,941
5.86
14.25
23.94
34.42
9.22
43.31
84.58
49.91
0.30
삼성자산운용

KODEX KTOP30
229720
테마/우량주
144
23,975
4,531
5.52
19.46
38.07
53.88
12.35
62.38
84.74
48.83
0.25
삼성자산운용

ARIRANG KS모멘텀가중TR
333960
투자전략/투자전략
143
16,840
17,927
4.43
17.11
33.23
41.16
9.60
49.29


0.25
한화자산운용

TIGER KTOP30
228820
테마/우량주
142
11,840
6,751
5.48
19.35
38.32
54.46
12.23
61.99
85.32
49.68
0.25
미래에셋자산운용

KBSTAR 고배당
266160
스타일/스타일
138
12,455
72,704
3.92
13.80
32.78
49.62
9.11
25.21
36.36
16.38
0.20
케이비자산운용

KBSTAR 코스피ex200
361590
시장지수/코스피200
136
12,350
7,168
0.65
6.70
19.73

4.97



0.25
케이비자산운용

TIGER 글로벌자원생산기업(합성 H)
276000
해외지수/해외지수
136
12,370
2,328
1.10
7.01
24.57
27.66
8.46
5.77
18.20
6.27
0.40
미래에셋자산운용

KINDEX 레버리지
152500
파생상품/레버리지
135
11,250
117,294
8.43
37.28
87.66
121.67
20.64
91.33
146.98
62.34
0.30
한국투자신탁운용

TIGER 미국달러선물인버스2X
261120
파생상품/인버스
134
10,295
8,727
-2.79
-2.32
7.18
18.13
-2.92
3.88
-5.03
-17.34
0.47
미래에셋자산운용

마이티 코스피100
159800
시장지수/코스피100
134
33,410
60
5.00
16.68
36.01
49.79
12.55
43.37
69.37
39.48
0.39
DB자산운용

TIGER 유로스탁스배당30
245350
해외지수/해외지수
134
11,220
14,677
0.00
5.70
13.55
14.79
1.63
-10.67
4.98
-6.45
0.35
미래에셋자산운용

TIGER 코스피중형주
277650
스타일/스타일
133
15,675
6,339
-0.16
8.78
24.75
41.86
5.45
42.10
30.90
14.93
0.29
미래에셋자산운용

KINDEX 스마트모멘텀
272220
투자전략/투자전략
131
18,745
13,864
2.77
15.82
36.43
47.14
8.95
47.91
71.39
41.99
0.19
한국투자신탁운용

ARIRANG 우량회사채50 1년
239660
채권/회사채권
130
108,470
122,288
0.02
0.11
0.21
0.45
0.11
1.50
3.50
5.88
0.14
한화자산운용

ARIRANG 200선물레버리지
253150
파생상품/레버리지
129
51,510
11,387
8.24
37.29
87.58
121.41
21.14
89.31
145.29
60.34
0.06
한화자산운용

KODEX 모멘텀Plus
244620
투자전략/투자전략
127
12,655
11,602
0.40
7.56
10.96
15.31
0.88
34.79
39.50
14.94
0.30
삼성자산운용

KBSTAR 200IT
285000
섹터/IT
127
18,130
6,668
3.78
28.17
51.46
67.02
13.70
66.77
114.73
78.37
0.19
케이비자산운용

TIGER 일본TOPIX헬스케어(합성)
248260
해외지수/해외지수
127
12,700
355
2.67
3.89
5.18
-0.74
2.54
5.61
27.13
32.71
0.40
미래에셋자산운용

KODEX 코스닥150롱코스피200숏선물
360150
기타/기타
125
8,500
4,983
-3.52
-11.37
-14.01

-9.38



0.64
삼성자산운용

KOSEF KRX100
100910
시장지수/KRX100
125
6,970
2,589
4.42
16.46
36.94
48.26
10.02
43.45
67.39
38.29
0.23
키움투자자산운용

KODEX 미국채10년선물
308620
해외지수/해외지수
125
11,380
9,810
0.35
-0.52
-4.97
-9.21
0.09
2.52
10.22

0.30
삼성자산운용

TIGER 일본니케이225
241180
해외지수/해외지수
124
18,115
3,244
6.12
10.60
19.55
22.01
6.37
22.66
51.35
40.92
0.35
미래에셋자산운용

KODEX 혁신기술테마액티브
364690
테마/기타
124
13,725
81,334
3.74
16.31
33.90

9.76



0.30
삼성자산운용

KODEX 게임산업
300950
테마/기타
122
13,525
26,327
1.16
5.66
9.34
4.44
2.15
42.01
46.66

0.45
삼성자산운용

KINDEX 블룸버그베트남VN30선물레버리지(H)
371130
파생상품/레버리지
121
14,980
39,550
9.46
33.69


20.76



0.70
한국투자신탁운용

KINDEX 러시아MSCI(합성)
265690
해외지수/해외지수
121
26,445
5,884
4.32
6.20
20.34
6.20
5.78
-20.45
19.39
18.38
0.50
한국투자신탁운용

KOSEF 국고채10년레버리지
167860
파생상품/레버리지
121
133,775
427
0.06
-1.21
-3.38
-4.35
-0.18
1.54
6.47
21.61
0.30
키움투자자산운용

TIGER 코스피대형주
277640
스타일/스타일
120
15,975
9,083
4.45
17.08
37.07
48.79
10.67
44.81
65.58
38.41
0.29
미래에셋자산운용

KINDEX S&P아시아TOP50
277540
해외지수/해외지수
120
16,100
23,139
5.50
13.46
21.79
27.22
10.46
33.55
69.74
48.25
0.70
한국투자신탁운용

TIGER 증권
157500
섹터/금융
118
4,815
84,617
0.94
10.82
32.64
57.87
9.93
28.85
45.03
8.23
0.40
미래에셋자산운용

ARIRANG 고배당주채권혼합
251600
기타/기타
117
10,645
7,040
0.09
1.48
8.35
11.52
1.48
3.18
4.60
0.81
0.20
한화자산운용

KODEX TRF7030
329670
기타/기타
117
11,655
5,336
1.61
3.05
4.11
8.02
1.88
8.42


0.10
삼성자산운용

KOSEF 블루칩
104520
테마/우량주
115
10,465
4,437
2.90
14.62
28.80
41.71
9.75
32.22
36.03
18.60
0.40
키움투자자산운용

KINDEX 싱가포르리츠
316300
해외지수/해외지수
115
11,520
3,791
0.96
4.58
-0.65
1.86
2.13
-7.51


0.40
한국투자신탁운용

KBSTAR 주식혼합
183710
기타/기타
114
45,465
529
2.84
11.82
25.29
33.41
7.05
31.46
46.94
29.75
0.25
케이비자산운용

TIGER 이머징마켓MSCI레버리지(합성 H)
225060
파생상품/레버리지
113
16,255
3,621
6.45
16.98
42.78
62.55
13.08
26.99
61.74
1.85
0.59
미래에셋자산운용

KOSEF 미국달러선물인버스
139660
파생상품/인버스
113
10,905
2,758
-1.18
-0.95
4.11
9.10
-1.31
3.22
-0.59
-6.79
0.49
키움투자자산운용

KODEX 철강
117680
섹터/소재
113
7,710
64,555
-2.53
6.86
31.79
41.47
6.42
22.65
2.75
-26.85
0.45
삼성자산운용

KODEX TRF5050
329660
기타/기타
113
11,290
5,563
1.26
2.36
2.87
5.76
1.48
7.17


0.17
삼성자산운용

TIGER 경기방어채권혼합
237440
기타/기타
113
10,235
6,119
-0.34
1.14
5.23
4.69
0.39
9.70
9.15
5.48
0.20
미래에셋자산운용

ARIRANG KS퀄리티가중TR
333980
투자전략/투자전략
112
15,900
11,043
2.58
12.25
27.86
36.83
6.64
35.84


0.25
한화자산운용

KINDEX 일본Nikkei225(H)
238720
해외지수/해외지수
112
18,830
1,745
5.02
7.32
21.33
26.97
4.58
19.33
43.09
25.83
0.30
한국투자신탁운용

KBSTAR V&S셀렉트밸류
234310
투자전략/투자전략
112
15,900
3,405
3.72
15.85
32.39
44.74
8.61
40.10
57.10
39.19
0.30
케이비자산운용

KODEX 삼성그룹밸류
213610
그룹주/삼성
112
10,130
40,632
4.00
15.38
37.64
46.18
8.92
30.52
48.77
36.82
0.15
삼성자산운용

KODEX S&P글로벌인프라(합성)
269420
해외지수/해외지수
110
10,975
3,258
1.06
3.54
6.81
8.02
2.67
-10.77
10.41
8.02
0.26
삼성자산운용

ARIRANG KS밸류가중TR
333970
투자전략/투자전략
110
15,585
16,192
3.66
14.22
35.52
51.68
8.76
35.11


0.25
한화자산운용

KINDEX 스마트하이베타
322150
투자전략/투자전략
109
15,520
474
4.62
18.47
41.99
59.10
11.74
47.18


0.19
한국투자신탁운용

KBSTAR KRX300미국달러선물혼합
319870
기타/기타
109
15,540
93
4.93
16.89
29.72
35.01
10.92
40.76


0.30
케이비자산운용

KINDEX 스마트로우볼
322130
투자전략/투자전략
107
17,860
2,332
3.78
16.09
34.84
46.88
9.30
38.61


0.19
한국투자신탁운용

KBSTAR 차이나항셍테크
371150
해외지수/해외지수
107
10,920
476,533
6.95



8.33




케이비자산운용

KBSTAR 헬스케어채권혼합
253290
기타/기타
105
13,095
15,265
-1.02
-0.15
6.20
10.37
-0.61
27.19
23.91
16.34
0.35
케이비자산운용

TREX 펀더멘탈 200
145850
투자전략/투자전략
105
41,950
102
4.30
17.74
38.82
57.50
11.32
40.84
56.10
32.47
0.34
유리자산운용

TIGER 코스닥150IT
261060
시장지수/코스닥
104
16,810
46,592
1.51
12.52
16.37
22.43
3.38
30.73
74.20
16.30
0.40
미래에셋자산운용

KODEX 보험
140700
섹터/금융
104
6,085
71,082
0.16
7.04
20.97
28.11
4.37
2.79
-16.45
-32.53
0.45
삼성자산운용

KBSTAR 모멘텀로우볼
252730
투자전략/투자전략
102
17,095
5,668
7.18
22.33
39.27
48.65
13.14
43.89
63.18
34.00
0.35
케이비자산운용

TIGER 코스닥150바이오테크
261070
시장지수/코스닥
102
15,275
16,495
-2.99
-3.99
12.40
24.34
-6.29
81.18
31.87
-11.81
0.40
미래에셋자산운용

TIGER 미국S&P500선물인버스(H)
225030
파생상품/인버스
101
4,465
43,702
-1.43
-3.88
-8.97
-18.89
-2.19
-23.61
-40.39
-37.02
0.59
미래에셋자산운용

TIGER 의료기기
307510
섹터/의료
100
20,000
8,635
-4.35
-3.01
-8.99
17.99
-3.52
88.63
103.96

0.50
미래에셋자산운용

TIGER 모멘텀
147970
투자전략/투자전략
100
22,790
12,664
3.12
15.19
21.03
22.72
7.73
20.26
13.74
-8.45
0.29
미래에셋자산운용

KINDEX 국고채10년
365780
채권/국공채권
100
98,375
178
0.08
-0.40


0.01



0.10
한국투자신탁운용

KINDEX 스마트퀄리티
322120
투자전략/투자전략
100
20,035
1,573
4.05
16.89
35.46
45.82
10.02
47.24


0.19
한국투자신탁운용

TIGER 구리실물
160580
상품/금속
100
8,195
6,297
-1.27
3.21
13.82
10.74
3.02
19.46
29.57
11.57
0.85
미래에셋자산운용

KINDEX 모닝스타싱가포르리츠채권혼합
342140
해외지수/해외지수
100
9,975
424
-0.70
0.81
-1.48
-1.38
0.15
-0.15


0.40
한국투자신탁운용

SMART 선진국MSCI World(합성 H)
208470
해외지수/해외지수
100
16,680
39
0.97
4.18
10.50
20.43
2.05
14.80
39.52
27.91
0.35
신한비엔피파리바자산운용

KBSTAR 중소형고배당
281990
스타일/스타일
99
11,015
19,571
-0.05
9.22
18.25
35.99
3.48
24.69
25.48
3.92
0.30
케이비자산운용

KINDEX 일본TOPIX인버스(합성 H)
205720
파생상품/인버스
99
4,665
10,714
-2.41
-4.31
-12.80
-18.94
-3.32
-14.48
-28.94
-17.07
0.50
한국투자신탁운용

SMART 중국본토 중소형 CSI500(합성 H)
220130
해외지수/해외지수
98
5,425
5,967
-0.09
5.75
3.73
4.63
5.03
26.46
62.67
4.93
0.60
신한비엔피파리바자산운용

KINDEX 일본TOPIX레버리지(H)
196030
파생상품/레버리지
97
19,565
1,539
5.50
9.55
29.14
44.18
7.89
10.98
50.21
-3.26
0.50
한국투자신탁운용

KINDEX 코스피
305050
시장지수/코스피200
97
32,150
6,647
3.94
15.48
33.93
46.24
9.45
42.33
57.29

0.13
한국투자신탁운용

KBSTAR 중국MSCI China선물(H)
310080
해외지수/해외지수
96
15,025
66,441
4.34
8.80
11.30
18.45
6.79
25.47
53.32

0.60
케이비자산운용

KODEX K-이노베이션액티브
373490
투자전략/투자전략
95
11,930
154,874
4.74



11.65




삼성자산운용

KBSTAR 헬스케어
253280
섹터/의료
95
18,980
6,579
-2.64
-0.39
20.20
33.94
-1.71
99.66
69.49
26.91
0.40
케이비자산운용

KODEX 200동일가중
252650
시장지수/코스피200
94
11,800
651
1.42
12.06
26.34
42.17
7.18
31.02
24.13
6.64
0.25
삼성자산운용

KODEX 일본TOPIX100
101280
해외지수/해외지수
94
15,845
2,211
3.33
6.16
13.75
15.19
5.00
11.58
33.26
20.68
0.37
삼성자산운용

KODEX 콩선물(H)
138920
상품/농산물
93
11,615
12,603
2.47
18.88
32.74
57.38
8.81
40.11
31.69
15.86
0.68
삼성자산운용

TIGER 일본TOPIX(합성 H)
195920
해외지수/해외지수
92
15,415
1,328
2.53
4.16
13.51
19.50
3.63
7.20
22.93
-2.00
0.25
미래에셋자산운용

KODEX 미국S&P산업재(합성)
200030
해외지수/해외지수
92
17,350
2,815
1.61
2.30
7.93
19.12
3.89
2.94
29.33
15.82
0.25
삼성자산운용

KOSEF 200 선물
152280
시장지수/코스피200
92
19,600
1,033
4.42
17.47
37.59
50.19
10.30
44.97
67.38
37.83
0.23
키움투자자산운용

KODEX 200ESG
337160
테마/SRI
91
15,170
10,429
4.95
18.52
38.98
55.27
11.79
42.62


0.30
삼성자산운용

TIGER 라틴35
105010
해외지수/해외지수
91
3,280
48,880
0.15
3.64
32.57
26.32
3.47
-17.44
-15.09
-15.62
0.49
미래에셋자산운용

TIGER 200 경기소비재
139290
섹터/경기소비재
90
19,480
6,178
10.27
20.84
36.18
69.39
16.93
43.20
49.39
26.91
0.40
미래에셋자산운용

마이다스 200커버드콜5%OTM
137930
파생상품/구조화
90
14,960
679
-0.56
4.29
15.39
19.44
0.27
11.60
24.98
6.86
0.37
마이다스에셋자산운용

KBSTAR 5대그룹주
105780
그룹주/기타
89
8,920
13,006
4.63
21.69
44.69
65.03
14.80
60.89
80.20
54.83
0.40
케이비자산운용

TIGER 로우볼
174350
투자전략/투자전략
89
11,730
7,733
0.86
7.37
19.03
27.02
4.92
7.12
2.70
-11.02
0.40
미래에셋자산운용

KODEX 다우존스미국리츠(H)
352560
기타/기타
89
11,100
4,919
0.32
-0.76
0.00
6.99
-1.68



0.30
삼성자산운용

KINDEX 삼성그룹동일가중
131890
그룹주/삼성
89
17,750
553
3.08
11.85
30.32
38.40
7.19
22.17
39.48
33.30
0.15
한국투자신탁운용

HANARO KAP초장기국고채
346000
채권/국공채권
88
48,775
490
0.11
-1.02
-3.19
-3.58
-0.05



0.20
엔에이치아문디자산운용

KODEX TSE일본리츠(H)
352540
기타/기타
87
10,870
799
-1.00
2.94
3.23
7.04
-1.05



0.30
삼성자산운용

KODEX MSCI모멘텀
275280
시장지수/MSCI Korea Index
87
14,325
1,984
3.80
15.71
31.72
41.48
8.61
56.76
67.23
31.29
0.30
삼성자산운용

KOSEF 코스닥150선물레버리지
291630
파생상품/레버리지
86
7,165
15,844
-1.17
6.23
35.83
51.00
-2.45
95.50
54.92

0.09
키움투자자산운용

KBSTAR 200커뮤니케이션서비스
315480
시장지수/코스피200
86
17,245
778
2.89
9.04
11.01
11.69
6.32
52.29


0.19
케이비자산운용

ARIRANG 국채선물3년
298340
채권/국공채권
86
53,535
40
0.07
0.11
0.00
0.19
0.12
2.23
4.26

0.10
한화자산운용

TIGER 우량가치
227570
테마/우량주
85
10,900
11,938
2.59
7.60
20.64
31.16
6.65
11.35
-0.62
-12.39
0.40
미래에셋자산운용

KINDEX 코스닥(합성)
251890
시장지수/코스닥
85
14,135
49
-0.77
6.04
13.58
25.70
1.33
44.16
41.92
10.91
0.30
한국투자신탁운용

TIGER 베타플러스
170350
투자전략/투자전략
84
19,925
461
4.07
19.42
42.78
64.54
13.89
59.08
73.02
38.89
0.40
미래에셋자산운용

HANARO 글로벌럭셔리S&P(합성)
354350
해외지수/해외지수
84
15,275
14,412
2.38
6.45
18.92
26.97
3.00



0.50
엔에이치아문디자산운용

TIGER 일본엔선물
292560
통화/기타통화
83
10,450
553
0.24
1.46
-2.56
-6.28
0.58
0.92
0.72

0.25
미래에셋자산운용

ARIRANG KS로우볼가중TR
333940
투자전략/투자전략
83
13,900
11,181
3.50
13.75
29.79
39.07
7.75
23.06


0.25
한화자산운용

ARIRANG 중형주저변동50
266550
투자전략/투자전략
83
11,090
4,368
0.41
9.69
20.41
29.18
5.92
28.21
26.44
2.83
0.23
한화자산운용

ARIRANG KS로우사이즈가중TR
333950
투자전략/투자전략
83
16,420
7,218
2.63
13.52
30.52
47.66
7.32
44.29


0.25
한화자산운용

KODEX 기계장비
102960
섹터/산업재
83
5,160
35,726
-0.58
8.06
29.32
40.22
6.61
17.19
0.94
-9.09
0.45
삼성자산운용

ARIRANG 글로벌MSCI(합성 H)
189400
해외지수/해외지수
82
16,165
1,342
2.02
4.12
10.99
21.18
2.18
10.72
34.21
19.79
0.40
한화자산운용

TIGER 우선주
261140
투자전략/투자전략
82
15,155
7,995
7.83
20.18
35.74
60.76
11.43
50.56
74.88
41.49
0.29
미래에셋자산운용

KBSTAR 미국고정배당우선증권ICE TR
354240
해외지수/해외지수
82
9,660
1,899
0.36
-1.28
-4.07
-2.72
-0.67



0.50
케이비자산운용

ARIRANG 주도업종
280920
투자전략/투자전략
81
12,420
19,019
5.97
19.48
37.39
43.58
11.74
52.17
61.26
26.27
0.23
한화자산운용

KODEX 미국S&P바이오(합성)
185680
해외지수/해외지수
80
35,320
3,026
3.06
3.93
16.34
16.13
3.29
49.03
72.71
67.35
0.25
삼성자산운용

TIGER 금은선물(H)
139320
상품/금속
80
9,915
15,131
-4.34
0.76
-2.89
1.74
-2.46
15.76
33.54
24.80
0.70
미래에셋자산운용

KINDEX Fn K-뉴딜디지털플러스
368470
테마/기타
80
15,910
728
3.24
13.36


9.08



0.25
한국투자신탁운용

KBSTAR 글로벌데이터센터리츠나스닥(합성)
375270
해외지수/해외지수
79
9,980
186,631




0.00




케이비자산운용

ARIRANG 심천차이넥스트(합성)
256450
해외지수/해외지수
79
13,000
3,971
0.04
17.65
10.83
4.25
10.26
58.54
138.31
63.52
0.50
한화자산운용

TIGER 중소형성장
292130
스타일/스타일
78
11,990
3,462
0.33
6.58
13.49
30.54
1.96
51.26
51.68

0.29
미래에셋자산운용

TIGER 배당성장
211560
스타일/스타일
77
18,355
8,315
1.89
12.50
21.68
41.18
8.00
31.62
33.03
8.85
0.15
미래에셋자산운용

TIGER 200커버드콜5%OTM
166400
파생상품/구조화
76
15,260
599
0.13
6.23
17.61
23.06
2.04
14.26
26.06
7.16
0.38
미래에셋자산운용

TIGER 차이나항셍25
117690
해외지수/해외지수
76
17,085
1,868
5.40
9.57
11.10
1.72
7.45
-0.96
17.04
2.25
0.49
미래에셋자산운용

KINDEX 미국다우존스리츠(합성 H)
181480
기타/기타
75
76,190
325
0.79
-0.03
1.32
8.01
-1.10
-11.35
10.74
14.02
0.30
한국투자신탁운용

KBSTAR V&S셀렉트밸류채권혼합
241390
기타/기타
75
12,455
8,520
1.76
7.00
13.22
17.60
3.92
17.98
25.10
21.75
0.23
케이비자산운용

KINDEX 배당성장
211260
스타일/스타일
75
37,280
181
2.19
12.63
22.27
41.75
8.21
32.09
33.25
9.22
0.15
한국투자신탁운용

ARIRANG KRX300헬스케어
309210
시장지수/KRX300
75
16,070
2,343
-2.99
-2.96
19.39
23.71
-4.26
83.03
45.10

0.40
한화자산운용

KINDEX 차이나항셍테크
371870
해외지수/해외지수
74
10,760
29,892
7.22



8.41




한국투자신탁운용

KOSEF 200선물인버스2X
253230
파생상품/인버스
73
2,035
147,889
-8.33
-28.60
-49.13
-58.72
-19.41
-65.18
-74.77
-64.61
0.46
키움투자자산운용

KODEX 경기소비재
266390
섹터/경기소비재
72
12,095
4,922
2.37
17.88
22.11
34.69
6.94
10.71
14.98
-0.20
0.45
삼성자산운용

KODEX 운송
140710
섹터/산업재
72
5,110
113,604
0.59
10.37
33.59
59.69
8.03
75.00
72.58
70.50
0.45
삼성자산운용

KBSTAR 국채선물10년
295000
채권/국공채권
71
56,420
2,849
0.09
-0.55
-1.54
-2.02
-0.08
1.34
4.33

0.07
케이비자산운용

TIGER 미국달러선물레버리지
261110
파생상품/레버리지
71
8,865
5,373
2.31
1.49
-7.75
-16.53
2.43
-8.28
-0.67
12.00
0.47
미래에셋자산운용

KOSEF 미국방어배당성장나스닥
373790
해외지수/해외지수
71
10,190
4,219
1.54



2.46




키움투자자산운용

KINDEX 멕시코MSCI(합성)
291130
해외지수/해외지수
71
8,895
943
1.54
6.53
21.02
27.53
3.07
-9.51
-1.98

0.50
한국투자신탁운용

KINDEX 인버스
145670
파생상품/인버스
70
4,710
38,628
-4.07
-15.14
-28.09
-34.58
-9.25
-37.24
-45.67
-34.40
0.15
한국투자신탁운용

ARIRANG 미국다우존스고배당주(합성 H)
213630
해외지수/해외지수
70
13,275
4,641
1.92
5.36
17.06
26.97
6.67
-4.94
10.03
2.79
0.40
한화자산운용

TIGER 국채선물3년인버스
302170
파생상품/인버스
70
49,630
18
-0.01
-0.03
0.15
0.24
-0.06
-0.91
-0.19

0.07
미래에셋자산운용

파워 고배당저변동성
192720
스타일/스타일
69
28,790
379
1.34
7.27
21.45
34.92
5.52
11.73
7.89
-3.13
0.23
교보악사자산운용

TIGER 중소형가치
292140
스타일/스타일
69
11,445
701
-0.17
9.89
23.86
38.48
5.92
40.57
33.53

0.29
미래에셋자산운용

KODEX MSCI퀄리티
275300
시장지수/MSCI Korea Index
69
11,515
663
0.04
5.26
8.53
13.39
1.36
8.55
45.17
15.78
0.30
삼성자산운용

HANARO 농업융복합산업
314700
테마/기타
68
12,310
18,328
1.90
11.40
22.06
27.37
9.23
45.77
21.16

0.50
엔에이치아문디자산운용

TIGER 대형성장
292100
스타일/스타일
67
13,445
8,616
3.70
12.60
31.11
36.15
7.56
48.32
78.93

0.29
미래에셋자산운용

KBSTAR Fn K-뉴딜디지털플러스
368200
테마/기타
67
13,320
12,190
3.86
13.51


9.00



0.09
케이비자산운용

KODEX FnKorea50
296710
테마/우량주
66
11,120
426
3.68
13.53
26.65
33.73
9.02
31.82
32.30

0.45
삼성자산운용

KODEX 퀄리티Plus
244660
투자전략/투자전략
66
11,055
1,264
2.46
9.95
17.92
26.27
5.44
24.52
19.38
6.00
0.30
삼성자산운용

ARIRANG 신흥국MSCI인버스(합성 H)
373530
파생상품/인버스
66
9,165
164
-3.22



-6.62




한화자산운용

ARIRANG 스마트베타Quality채권혼합
238670
기타/기타
66
10,985
535
0.18
2.86
5.63
8.39
1.52
7.82
9.90
8.19
0.20
한화자산운용

TIGER 200동일가중
252000
시장지수/코스피200
66
11,940
305
2.53
11.90
26.02
41.30
7.42
32.70
25.70
7.68
0.25
미래에셋자산운용

TIGER 방송통신
098560
섹터/통신서비스
65
7,965
20,329
-0.93
7.20
11.01
11.01
4.66
-2.02
-17.89
-17.75
0.46
미래에셋자산운용

ARIRANG 200동일가중
295820
시장지수/코스피200
65
10,820
232
1.55
12.01
26.77
40.98
6.97
31.50
24.35

0.23
한화자산운용

TIGER 200커버드콜ATM
289480
파생상품/구조화
64
10,720
244
0.23
2.83
8.06
12.19
0.00
6.14
9.56

0.38
미래에셋자산운용

ARIRANG 국채선물10년
289670
채권/국공채권
64
57,195
413
0.05
-0.57
-1.68
-2.15
-0.01
1.29
4.21

0.13
한화자산운용

TIGER 대형가치
292110
스타일/스타일
64
12,730
2,448
3.96
18.03
39.89
57.60
11.57
36.87
53.21

0.29
미래에셋자산운용

ARIRANG 코스피중형주
301440
스타일/스타일
64
11,660
673
-0.30
8.72
25.11
41.94
5.23
41.44
31.13

0.25
한화자산운용

KBSTAR KRX국채선물3년10년스티프너2X
342600
채권/국공채권
62
51,790
113
-0.02
0.46
0.89
1.50
0.20
2.98


0.20
케이비자산운용

KODEX 200 중소형
226980
스타일/스타일
62
12,310
4,497
-0.20
13.56
28.97
48.13
6.72
43.14
27.37
9.98
0.30
삼성자산운용

KBSTAR 200건설
287300
섹터/산업재
61
10,985
5,972
2.42
13.42
45.40
38.61
12.49
20.57
-3.77
3.12
0.19
케이비자산운용

KBSTAR KRX국채선물3년10년스티프너
342500
채권/국공채권
61
51,075
13
0.00
0.23
0.48
0.79
0.22
1.76


0.15
케이비자산운용

파워 중기국고채
176710
채권/국공채권
61
101,845
2
0.00
0.05
0.01
0.16
0.10
2.09
4.42
7.55
0.15
교보악사자산운용

KBSTAR 모멘텀밸류
252720
투자전략/투자전략
60
15,050
3,044
4.73
20.54
40.07
55.72
10.82
30.87
42.99
12.86
0.35
케이비자산운용

KINDEX Fn성장소비주도주
226380
투자전략/투자전략
60
7,450
3,153
3.69
7.35
12.28
14.88
4.78
17.94
9.30
1.90
0.50
한국투자신탁운용

KBSTAR 미국장기국채선물(H)
267440
해외지수/해외지수
60
11,930
253
-0.42
-2.53
-4.64
-6.32
-2.17
8.75
19.90
19.18
0.40
케이비자산운용

KBSTAR KRX국채선물3년10년플래트너
342610
채권/국공채권
60
49,780
14
0.04
-0.14
-0.25
-0.38
0.01
-0.31


0.15
케이비자산운용

ARIRANG 선진국MSCI(합성 H)
195970
해외지수/해외지수
60
11,530
6,540
0.13
4.72
14.84
19.17
1.36
4.11
20.67
3.50
0.50
한화자산운용

KOSEF 고배당
104530
스타일/스타일
59
7,925
6,304
1.08
4.00
20.35
31.75
2.92
1.15
11.84
-8.65
0.40
키움투자자산운용

KBSTAR KRX국채선물3년10년플래트너2X
342620
채권/국공채권
59
49,205
11
0.00
-0.29
-0.62
-0.92
-0.12
-1.23


0.20
케이비자산운용

흥국 S&P코리아로우볼
215620
투자전략/투자전략
59
10,760
4,838
0.19
7.71
17.02
27.04
4.36
12.68
5.03
-6.03
0.40
흥국자산운용

TIGER 국채선물10년인버스
302180
파생상품/인버스
57
47,465
259
-0.29
0.49
1.57
2.34
-0.08
-0.59
-1.04

0.07
미래에셋자산운용

KODEX 미국달러선물인버스2X
261260
파생상품/인버스
57
10,400
37,610
-2.12
-1.52
8.39
18.99
-2.26
4.94
-4.19
-16.60
0.45
삼성자산운용

KINDEX 필리핀MSCI(합성)
261920
해외지수/해외지수
57
14,110
1,743
2.84
0.79
18.67
9.89
1.88
-8.41
-6.59
-15.76
0.50
한국투자신탁운용

KOSEF 배당바이백Plus
260200
스타일/스타일
56
16,030
462
1.10
11.71
25.33
39.82
6.83
18.23
12.89
1.95
0.40
키움투자자산운용

KBSTAR 팔라듐선물(H)
334690
상품/금속
56
13,990
5,008
-2.03
2.53
0.54
16.63
2.08
9.17


0.60
케이비자산운용

HANARO 코스닥150선물레버리지
306530
파생상품/레버리지
55
14,475
10,824
-1.46
6.43
35.72
51.49
-3.18
95.74
53.01

0.45
엔에이치아문디자산운용

KBSTAR 중소형모멘텀밸류
300290
투자전략/투자전략
55
12,170
881
1.29
12.42
22.68
36.66
8.90
39.64
32.79

0.35
케이비자산운용

KOSEF 저PBR가중
260270
투자전략/투자전략
55
15,630
3,106
0.77
14.72
35.38
48.08
9.34
32.49
22.12
5.11
0.40
키움투자자산운용

KODEX MSCI EM선물(H)
291890
해외지수/해외지수
55
10,950
4,158
3.50
8.96
20.13
29.05
6.26
17.81
34.77

0.45
삼성자산운용

TIGER 은행
091220
섹터/금융
54
6,975
37,706
2.65
6.08
27.86
32.48
6.98
0.63
0.94
-24.41
0.46
미래에셋자산운용

KBSTAR 내수주플러스
326230
섹터/경기소비재
53
11,120
8,251
-0.45
7.60
16.81
26.94
2.68
13.92


0.40
케이비자산운용

KODEX 멀티에셋하이인컴(H)
321410
해외지수/해외지수
53
10,530
1,261
0.00
0.77
6.53
8.28
0.72
-1.68


0.25
삼성자산운용

TIGER 원유선물인버스(H)
217770
파생상품/인버스
52
8,580
5,588
-4.03
-11.73
-25.20
-27.44
-9.35
-2.83
-23.29
-16.70
0.70
미래에셋자산운용

KBSTAR 차이나HSCEI(H)
250730
해외지수/해외지수
51
12,920
6,280
5.00
8.16
13.48
8.94
6.29
0.39
11.96
-6.92
0.40
케이비자산운용

TIGER 지주회사
307520
그룹주/기타
51
12,745
1,363
2.41
14.36
27.52
27.39
10.54
24.06
20.62

0.50
미래에셋자산운용

KODEX 국채선물3년인버스
292770
채권/국공채권
51
49,620
9
-0.09
0.00
0.16
0.21
-0.06
-0.95
-0.22

0.07
삼성자산운용

TIGER 가격조정
217790
투자전략/투자전략
51
25,315
3,487
2.37
13.19
20.84
29.05
8.44
13.56
18.79
-3.31
0.29
미래에셋자산운용

KBSTAR 200산업재
287320
섹터/산업재
50
10,090
467
-0.39
10.58
27.24
42.61
6.49
15.90
12.57
-1.80
0.19
케이비자산운용

KODEX 미국달러선물인버스
261270
파생상품/인버스
50
10,455
32,744
-1.18
-0.99
3.93
9.02
-1.23
2.90
-1.13
-7.03
0.45
삼성자산운용

TIGER S&P글로벌인프라(합성)
269370
해외지수/해외지수
50
9,935
647
0.10
1.53
6.56
7.73
2.58
-11.33
10.21
8.07
0.40
미래에셋자산운용

KINDEX 국채선물3년인버스
299080
채권/국공채권
50
99,170
2
0.02
0.02
0.24
0.28
-0.04
-0.78
0.01

0.05
한국투자신탁운용

마이티 200커버드콜ATM레버리지
292340
파생상품/구조화
49
9,795
15
-0.61
6.29
16.89
25.98
0.51
6.35
10.87

0.51
DB자산운용

KBSTAR 200고배당커버드콜ATM
290080
파생상품/구조화
49
6,905
374
-3.09
-5.55
-3.72
0.33
-4.30
-17.60
-28.37

0.40
케이비자산운용

TIGER K게임
300610
테마/기타
48
12,040
14,368
2.82
7.02
11.64
7.60
3.93
46.12
43.76

0.50
미래에셋자산운용

KODEX China H선물인버스(H)
291660
파생상품/인버스
48
9,455
1,047
-4.69
-7.53
-12.86
-9.56
-5.73
-7.58
-19.43

0.64
삼성자산운용

KBSTAR 200에너지화학
284990
섹터/소재
48
14,005
4,164
1.60
23.77
45.58
72.37
18.94
80.94
66.65
36.22
0.19
케이비자산운용

KOSEF 코스닥150선물
291610
시장지수/코스닥
47
9,875
1,149
-0.65
3.40
17.91
25.40
-1.55
49.96
38.99

0.09
키움투자자산운용

KINDEX 국채선물10년인버스
299070
채권/국공채권
47
93,805
2
-0.16
0.48
1.63
2.31
0.03
-0.15
-0.60

0.05
한국투자신탁운용

KBSTAR 코스닥150선물인버스
275750
파생상품/인버스
47
4,670
58,221
1.30
-3.51
-16.38
-23.19
1.63
-41.33
-39.66
-20.91
0.60
케이비자산운용

KODEX 밸류Plus
244670
투자전략/투자전략
46
9,185
12,205
2.91
9.54
23.04
36.07
7.05
27.52
4.17
-10.93
0.30
삼성자산운용

ARIRANG 코스닥150선물인버스
301410
파생상품/인버스
45
6,960
33,300
0.14
-4.07
-17.09
-23.56
1.09
-42.10
-40.56

0.29
한화자산운용

KODEX WTI원유선물인버스(H)
271050
파생상품/인버스
45
12,050
28,942
-3.87
-11.27
-24.59
-26.48
-9.13
-2.94
-23.54
-17.21
0.35
삼성자산운용

KBSTAR 200생활소비재
287330
섹터/필수소비재
44
9,055
8,247
2.09
6.65
13.61
18.13
3.25
5.77
1.42
-8.10
0.19
케이비자산운용

KODEX 미국채울트라30년선물인버스(H)
304670
파생상품/인버스
43
7,250
1,613
0.42
4.09
5.07
8.13
3.28
-14.81
-26.25

0.30
삼성자산운용

TIGER 일본엔선물인버스2X
292590
파생상품/인버스
43
8,560
620
-1.27
-1.95
4.77
11.02
-1.78
-6.14
-7.86

0.47
미래에셋자산운용

TIGER 200 생활소비재
227560
섹터/필수소비재
43
11,890
3,805
2.10
6.49
13.56
18.54
2.77
6.24
1.06
-8.38
0.40
미래에셋자산운용

KOSEF 코스닥150선물인버스
291620
파생상품/인버스
42
7,990
8,370
0.95
-3.68
-16.73
-23.21
1.46
-41.55
-39.79

0.09
키움투자자산운용

KBSTAR 미국장기국채선물레버리지(합성 H)
267490
파생상품/레버리지
41
13,720
362
-0.54
-5.25
-8.62
-11.80
-4.12
18.74
40.72
37.41
0.50
케이비자산운용

ARIRANG ESG우수기업
278420
테마/SRI
41
9,100
2,080
1.79
9.90
16.67
27.63
5.20
13.20
7.83
-6.75
0.23
한화자산운용

TIGER 일본엔선물레버리지
292570
파생상품/레버리지
41
10,230
1,275
0.24
1.29
-6.06
-12.45
0.79
-0.58
-2.76

0.47
미래에셋자산운용

KOSEF 200선물인버스
253240
파생상품/인버스
40
4,980
10,888
-4.41
-15.38
-28.24
-35.11
-9.70
-37.67
-46.19
-35.28
0.46
키움투자자산운용

KBSTAR 200선물인버스
252410
파생상품/인버스
40
4,970
11,879
-4.61
-15.69
-28.39
-35.20
-9.72
-37.41
-46.18
-35.24
0.60
케이비자산운용

KBSTAR 미국장기국채선물인버스(H)
267450
파생상품/인버스
39
7,900
306
0.57
2.73
4.84
5.47
2.73
-11.29
-20.20
-20.28
0.40
케이비자산운용

TIGER 200 산업재
227550
섹터/산업재
39
5,530
3,709
-0.45
9.61
26.54
43.64
6.45
16.57
12.38
-1.64
0.40
미래에셋자산운용

KBSTAR 중소형모멘텀로우볼
300280
투자전략/투자전략
38
10,980
1,096
-0.86
8.87
18.64
27.97
2.52
34.02
30.17

0.35
케이비자산운용

KBSTAR 국채선물10년인버스
295020
파생상품/인버스
38
46,830
22
-0.07
0.60
1.75
2.30
0.22
-0.16
-0.48

0.07
케이비자산운용

ARIRANG 코스닥150
301400
시장지수/코스닥
38
15,155
11,631
-0.36
3.73
16.35
24.12
-1.21
47.08
33.22

0.15
한화자산운용

TIGER 일본엔선물인버스
292580
파생상품/인버스
38
9,530
17
-0.10
-0.83
2.97
6.36
-0.63
-2.26
-2.06

0.47
미래에셋자산운용

KBSTAR 차이나H선물인버스(H)
291680
파생상품/인버스
38
9,275
412
-4.77
-7.76
-13.24
-9.91
-6.08
-7.57
-18.85

0.59
케이비자산운용

KBSTAR 수출주
140570
스타일/스타일
37
12,520
1,004
1.95
16.52
34.77
53.71
10.26
44.31
44.91
25.00
0.40
케이비자산운용

ARIRANG S&P글로벌인프라
269530
해외지수/해외지수
37
10,540
1,223
1.35
3.23
6.04
6.36
2.93
-11.14
10.24
8.28
0.30
한화자산운용

KBSTAR 우량업종
140580
테마/우량주
36
12,105
881
2.67
13.13
29.19
39.62
8.32
27.95
22.30
5.36
0.40
케이비자산운용

KODEX 골드선물인버스(H)
280940
파생상품/인버스
35
7,085
5,639
3.36
-0.70
1.72
-2.68
1.50
-18.23
-30.09
-26.31
0.45
삼성자산운용

TIGER 200 철강소재
139240
섹터/소재
35
7,865
18,286
-3.26
7.15
35.25
47.40
5.57
16.76
0.83
-27.46
0.40
미래에셋자산운용

TIGER 금속선물(H)
139310
상품/금속
34
5,715
3,666
-0.87
1.87
13.62
18.08
1.33
14.76
14.30
-6.23
0.70
미래에셋자산운용

ARIRANG KRX300IT
309170
시장지수/KRX300
29
20,595
1,408
4.41
23.18
44.37
55.73
11.57
57.74
106.36

0.40
한화자산운용

KBSTAR 200금융
284980
섹터/금융
25
8,445
3,606
2.05
7.85
27.95
37.32
7.72
1.92
2.82
-21.78
0.19
케이비자산운용

KBSTAR 200중공업
285010
섹터/산업재
24
9,375
3,440
-1.83
5.16
30.94
36.96
5.81
7.61
-8.09
-4.33
0.19
케이비자산운용

KBSTAR 200경기소비재
287310
섹터/경기소비재
22
12,145
1,333
10.66
21.33
36.77
70.94
17.80
43.25
50.12
26.77
0.19
케이비자산운용

KBSTAR 팔라듐선물인버스(H)
334700
파생상품/인버스
21
5,200
2,715
2.56
-2.80
-2.07
-17.85
-1.70
-32.64


0.60
케이비자산운용

KBSTAR 200철강소재
285020
섹터/소재
18
7,545
7,034
-3.08
7.33
35.09
47.94
5.97
16.53
0.60
-27.64
0.19
케이비자산운용

KBSTAR 미국장기국채선물인버스2X(합성 H)
267500
파생상품/인버스
18
6,090
1,516
2.27
6.65
10.63
12.88
5.82
-21.67
-37.35
-37.63
0.50
케이비자산운용

KBSTAR 200생활소비재
287330
섹터/필수소비재
44
9,055
8,247
2.09
6.65
13.61
18.13
3.25
5.77
1.42
-8.10
0.19
케이비자산운용

KODEX 미국채울트라30년선물인버스(H)
304670
파생상품/인버스
43
7,250
1,613
0.42
4.09
5.07
8.13
3.28
-14.81
-26.25

0.30
삼성자산운용

TIGER 일본엔선물인버스2X
292590
파생상품/인버스
43
8,560
620
-1.27
-1.95
4.77
11.02
-1.78
-6.14
-7.86

0.47
미래에셋자산운용

TIGER 200 생활소비재
227560
섹터/필수소비재
43
11,890
3,805
2.10
6.49
13.56
18.54
2.77
6.24
1.06
-8.38
0.40
미래에셋자산운용

KOSEF 코스닥150선물인버스
291620
파생상품/인버스
42
7,990
8,370
0.95
-3.68
-16.73
-23.21
1.46
-41.55
-39.79

0.09
키움투자자산운용

KBSTAR 미국장기국채선물레버리지(합성 H)
267490
파생상품/레버리지
41
13,720
362
-0.54
-5.25
-8.62
-11.80
-4.12
18.74
40.72
37.41
0.50
케이비자산운용

ARIRANG ESG우수기업
278420
테마/SRI
41
9,100
2,080
1.79
9.90
16.67
27.63
5.20
13.20
7.83
-6.75
0.23
한화자산운용

TIGER 일본엔선물레버리지
292570
파생상품/레버리지
41
10,230
1,275
0.24
1.29
-6.06
-12.45
0.79
-0.58
-2.76

0.47
미래에셋자산운용

KOSEF 200선물인버스
253240
파생상품/인버스
40
4,980
10,888
-4.41
-15.38
-28.24
-35.11
-9.70
-37.67
-46.19
-35.28
0.46
키움투자자산운용

KBSTAR 200선물인버스
252410
파생상품/인버스
40
4,970
11,879
-4.61
-15.69
-28.39
-35.20
-9.72
-37.41
-46.18
-35.24
0.60
케이비자산운용

KBSTAR 미국장기국채선물인버스(H)
267450
파생상품/인버스
39
7,900
306
0.57
2.73
4.84
5.47
2.73
-11.29
-20.20
-20.28
0.40
케이비자산운용
